"nr_glosowania" "za" "przeciw" "wstrzymal" "nieobecny" "obecny" "tendencja" "proc_zgodnosci"
"1" 1 0 0 0 138 0 "Za" 0
"2" 2 110 0 0 28 110 "Za" 1
"3" 3 108 2 0 28 110 "Za" 0.98
"4" 4 109 1 0 28 110 "Za" 0.99
"5" 5 110 0 0 28 110 "Za" 1
"6" 6 2 1 111 24 114 "Wstrzyma³ siê" 0.97
"7" 7 113 0 1 24 114 "Za" 0.99
"8" 8 0 0 115 23 115 "Wstrzyma³ siê" 1
"9" 9 115 0 0 23 115 "Za" 1
"10" 10 115 0 0 23 115 "Za" 1
"11" 11 5 0 110 23 115 "Wstrzyma³ siê" 0.96
"12" 12 115 0 0 23 115 "Za" 1
"13" 13 114 1 0 23 115 "Za" 0.99
"14" 14 1 114 0 23 115 "Przeciw" 0.99
"15" 15 0 115 1 22 116 "Przeciw" 0.99
"16" 16 0 114 1 23 115 "Przeciw" 0.99
"17" 17 0 112 1 25 113 "Przeciw" 0.99
"18" 18 0 114 1 23 115 "Przeciw" 0.99
"19" 19 0 114 1 23 115 "Przeciw" 0.99
"20" 20 0 115 0 23 115 "Przeciw" 1
"21" 21 0 114 0 24 114 "Przeciw" 1
"22" 22 0 116 0 22 116 "Przeciw" 1
"23" 23 0 116 0 22 116 "Przeciw" 1
"24" 24 0 115 0 23 115 "Przeciw" 1
"25" 25 0 115 0 23 115 "Przeciw" 1
"26" 26 0 116 0 22 116 "Przeciw" 1
"27" 27 0 116 0 22 116 "Przeciw" 1
"28" 28 0 115 0 23 115 "Przeciw" 1
"29" 29 0 115 0 23 115 "Przeciw" 1
"30" 30 0 115 0 23 115 "Przeciw" 1
"31" 31 0 106 0 32 106 "Przeciw" 1
"32" 32 0 124 0 14 124 "Przeciw" 1
"33" 33 0 122 0 16 122 "Przeciw" 1
"34" 34 0 136 0 2 136 "Przeciw" 1
"35" 35 136 0 0 2 136 "Za" 1
"36" 36 133 0 3 2 136 "Za" 0.98
"37" 37 0 135 1 2 136 "Przeciw" 0.99
"38" 38 136 0 0 2 136 "Za" 1
"39" 39 87 46 3 2 136 "Za" 0.64
"40" 40 136 0 0 2 136 "Za" 1
"41" 41 136 0 0 2 136 "Za" 1
"42" 42 136 0 0 2 136 "Za" 1
"43" 43 135 0 0 3 135 "Za" 1
"44" 44 136 0 0 2 136 "Za" 1
"45" 45 135 0 1 2 136 "Za" 0.99
"46" 46 1 135 0 2 136 "Przeciw" 0.99
"47" 47 136 0 0 2 136 "Za" 1
"48" 48 132 4 0 2 136 "Za" 0.97
"49" 49 136 0 0 2 136 "Za" 1
"50" 50 136 0 0 2 136 "Za" 1
"51" 51 136 0 0 2 136 "Za" 1
"52" 52 136 0 0 2 136 "Za" 1
"53" 53 136 0 0 2 136 "Za" 1
"54" 54 132 2 2 2 136 "Za" 0.97
"55" 55 136 0 0 2 136 "Za" 1
"56" 56 136 0 0 2 136 "Za" 1
"57" 57 0 0 136 2 136 "Wstrzyma³ siê" 1
"58" 58 0 135 1 2 136 "Przeciw" 0.99
"59" 59 136 0 0 2 136 "Za" 1
"60" 60 129 0 1 8 130 "Za" 0.99
"61" 61 128 0 2 8 130 "Za" 0.98
"62" 62 0 130 0 8 130 "Przeciw" 1
"63" 63 1 129 0 8 130 "Przeciw" 0.99
"64" 64 130 0 0 8 130 "Za" 1
"65" 65 129 0 0 9 129 "Za" 1
"66" 66 1 129 0 8 130 "Przeciw" 0.99
"67" 67 0 128 0 10 128 "Przeciw" 1
"68" 68 128 0 0 10 128 "Za" 1
"69" 69 128 0 0 10 128 "Za" 1
"70" 70 123 1 2 12 126 "Za" 0.98
"71" 71 45 60 29 4 134 "Przeciw" 0.45
"72" 72 90 24 19 5 133 "Za" 0.68
"73" 73 132 0 0 6 132 "Za" 1
"74" 74 130 3 1 4 134 "Za" 0.97
"75" 75 29 72 26 11 127 "Przeciw" 0.57
"76" 76 0 133 0 5 133 "Przeciw" 1
"77" 77 132 0 0 6 132 "Za" 1
"78" 78 0 79 0 59 79 "Przeciw" 1
"79" 79 0 1 0 137 1 "Przeciw" 1
"80" 80 0 1 0 137 1 "Przeciw" 1
"81" 81 0 1 0 137 1 "Przeciw" 1
"82" 82 0 1 0 137 1 "Przeciw" 1
"83" 83 0 1 0 137 1 "Przeciw" 1
"84" 84 0 1 0 137 1 "Przeciw" 1
"85" 85 111 0 0 27 111 "Za" 1
"86" 86 0 121 0 17 121 "Przeciw" 1
"87" 87 0 118 0 20 118 "Przeciw" 1
"88" 88 0 121 0 17 121 "Przeciw" 1
"89" 89 0 121 0 17 121 "Przeciw" 1
"90" 90 0 116 0 22 116 "Przeciw" 1
"91" 91 0 121 0 17 121 "Przeciw" 1
"92" 92 120 0 1 17 121 "Za" 0.99
"93" 93 120 0 1 17 121 "Za" 0.99
"94" 94 92 16 12 18 120 "Za" 0.77
"95" 95 121 0 0 17 121 "Za" 1
"96" 96 98 14 9 17 121 "Za" 0.81
"97" 97 120 0 0 18 120 "Za" 1
"98" 98 4 116 0 18 120 "Przeciw" 0.97
"99" 99 2 118 1 17 121 "Przeciw" 0.98
"100" 100 94 15 10 19 119 "Za" 0.79
"101" 101 5 110 4 19 119 "Przeciw" 0.92
"102" 102 121 0 0 17 121 "Za" 1
"103" 103 120 0 0 18 120 "Za" 1
"104" 104 6 115 1 16 122 "Przeciw" 0.94
"105" 105 120 0 3 15 123 "Za" 0.98
"106" 106 0 4 117 17 121 "Wstrzyma³ siê" 0.97
"107" 107 79 20 10 28 109 "Za" 0.72
"108" 108 0 124 0 13 124 "Przeciw" 1
"109" 109 0 124 0 13 124 "Przeciw" 1
"110" 110 0 123 0 14 123 "Przeciw" 1
"111" 111 0 126 0 11 126 "Przeciw" 1
"112" 112 0 126 0 11 126 "Przeciw" 1
"113" 113 0 116 0 21 116 "Przeciw" 1
"114" 114 0 122 0 15 122 "Przeciw" 1
"115" 115 0 124 0 13 124 "Przeciw" 1
"116" 116 124 0 0 13 124 "Za" 1
"117" 117 0 124 0 13 124 "Przeciw" 1
"118" 118 125 0 0 12 125 "Za" 1
"119" 119 122 1 0 14 123 "Za" 0.99
"120" 120 0 129 0 9 129 "Przeciw" 1
"121" 121 128 0 0 10 128 "Za" 1
"122" 122 128 0 0 10 128 "Za" 1
"123" 123 7 120 0 11 127 "Przeciw" 0.94
"124" 124 132 0 2 4 134 "Za" 0.99
"125" 125 135 0 0 3 135 "Za" 1
"126" 126 134 0 1 3 135 "Za" 0.99
"127" 127 135 0 0 3 135 "Za" 1
"128" 128 135 0 0 3 135 "Za" 1
"129" 129 135 0 0 3 135 "Za" 1
"130" 130 0 134 0 4 134 "Przeciw" 1
"131" 131 109 0 4 25 113 "Za" 0.96
"132" 132 121 1 0 16 122 "Za" 0.99
"133" 133 0 122 0 16 122 "Przeciw" 1
"134" 134 0 121 0 17 121 "Przeciw" 1
"135" 135 0 122 0 16 122 "Przeciw" 1
"136" 136 1 121 0 16 122 "Przeciw" 0.99
"137" 137 2 119 0 17 121 "Przeciw" 0.98
"138" 138 122 0 0 16 122 "Za" 1
"139" 139 122 0 0 16 122 "Za" 1
"140" 140 122 0 0 16 122 "Za" 1
"141" 141 121 1 0 16 122 "Za" 0.99
"142" 142 121 0 0 17 121 "Za" 1
"143" 143 0 120 1 17 121 "Przeciw" 0.99
"144" 144 121 0 1 16 122 "Za" 0.99
"145" 145 118 0 6 14 124 "Za" 0.95
"146" 146 0 128 1 9 129 "Przeciw" 0.99
"147" 147 0 128 1 9 129 "Przeciw" 0.99
"148" 148 126 2 1 9 129 "Za" 0.98
"149" 149 0 3 128 7 131 "Wstrzyma³ siê" 0.98
"150" 150 131 0 0 7 131 "Za" 1
"151" 151 131 0 0 7 131 "Za" 1
"152" 152 131 0 0 7 131 "Za" 1
"153" 153 131 0 0 7 131 "Za" 1
"154" 154 128 1 0 9 129 "Za" 0.99
"155" 155 129 0 2 7 131 "Za" 0.98
"156" 156 130 0 0 8 130 "Za" 1
"157" 157 128 1 1 8 130 "Za" 0.98
"158" 158 0 129 1 8 130 "Przeciw" 0.99
"159" 159 1 128 2 7 131 "Przeciw" 0.98
"160" 160 129 0 0 9 129 "Za" 1
"161" 161 0 131 0 7 131 "Przeciw" 1
"162" 162 129 2 0 7 131 "Za" 0.98
"163" 163 0 14 116 8 130 "Wstrzyma³ siê" 0.89
"164" 164 0 130 0 8 130 "Przeciw" 1
"165" 165 0 129 0 9 129 "Przeciw" 1
"166" 166 129 0 0 9 129 "Za" 1
"167" 167 131 0 0 7 131 "Za" 1
"168" 168 0 131 0 7 131 "Przeciw" 1
"169" 169 0 130 0 8 130 "Przeciw" 1
"170" 170 0 131 0 7 131 "Przeciw" 1
"171" 171 3 118 5 12 126 "Przeciw" 0.94
"172" 172 110 0 0 28 110 "Za" 1
"173" 173 109 0 0 29 109 "Za" 1
"174" 174 109 0 0 29 109 "Za" 1
"175" 175 109 0 0 29 109 "Za" 1
"176" 176 108 0 0 30 108 "Za" 1
"177" 177 0 107 0 31 107 "Przeciw" 1
"178" 178 111 0 0 27 111 "Za" 1
"179" 179 113 0 0 25 113 "Za" 1
"180" 180 116 0 0 22 116 "Za" 1
"181" 181 113 3 0 22 116 "Za" 0.97
"182" 182 3 115 0 20 118 "Przeciw" 0.97
"183" 183 120 0 0 18 120 "Za" 1
"184" 184 86 20 1 31 107 "Za" 0.8
"185" 185 119 0 0 19 119 "Za" 1
"186" 186 117 0 0 21 117 "Za" 1
"187" 187 120 0 0 18 120 "Za" 1
"188" 188 120 0 0 18 120 "Za" 1
"189" 189 120 0 0 18 120 "Za" 1
"190" 190 120 0 0 18 120 "Za" 1
"191" 191 0 120 0 18 120 "Przeciw" 1
"192" 192 120 0 0 18 120 "Za" 1
"193" 193 119 0 0 19 119 "Za" 1
"194" 194 119 0 0 19 119 "Za" 1
"195" 195 116 1 1 20 118 "Za" 0.98
"196" 196 118 0 0 20 118 "Za" 1
"197" 197 117 0 0 21 117 "Za" 1
"198" 198 119 0 0 19 119 "Za" 1
"199" 199 120 0 0 18 120 "Za" 1
"200" 200 116 1 0 21 117 "Za" 0.99
"201" 201 119 0 0 19 119 "Za" 1
"202" 202 119 0 0 19 119 "Za" 1
"203" 203 117 1 1 19 119 "Za" 0.98
"204" 204 117 0 0 21 117 "Za" 1
"205" 205 119 0 0 19 119 "Za" 1
"206" 206 118 0 0 20 118 "Za" 1
"207" 207 120 0 0 18 120 "Za" 1
"208" 208 120 0 0 18 120 "Za" 1
"209" 209 118 0 0 20 118 "Za" 1
"210" 210 119 0 0 19 119 "Za" 1
"211" 211 119 0 0 19 119 "Za" 1
"212" 212 118 0 0 20 118 "Za" 1
"213" 213 119 0 0 19 119 "Za" 1
"214" 214 119 0 1 18 120 "Za" 0.99
"215" 215 117 0 0 21 117 "Za" 1
"216" 216 117 0 0 21 117 "Za" 1
"217" 217 120 0 0 18 120 "Za" 1
"218" 218 120 0 0 18 120 "Za" 1
"219" 219 0 119 0 19 119 "Przeciw" 1
"220" 220 0 120 0 18 120 "Przeciw" 1
"221" 221 120 0 0 18 120 "Za" 1
"222" 222 19 1 98 20 118 "Wstrzyma³ siê" 0.83
"223" 223 121 0 0 17 121 "Za" 1
"224" 224 120 0 0 18 120 "Za" 1
"225" 225 118 2 0 18 120 "Za" 0.98
"226" 226 0 121 0 17 121 "Przeciw" 1
"227" 227 0 121 0 17 121 "Przeciw" 1
"228" 228 1 111 9 17 121 "Przeciw" 0.92
"229" 229 108 0 13 17 121 "Za" 0.89
"230" 230 120 0 1 17 121 "Za" 0.99
"231" 231 120 0 0 18 120 "Za" 1
"232" 232 115 0 0 23 115 "Za" 1
"233" 233 0 63 0 75 63 "Przeciw" 1
"234" 234 118 0 0 20 118 "Za" 1
"235" 235 114 0 5 19 119 "Za" 0.96
"236" 236 96 14 9 19 119 "Za" 0.81
"237" 237 0 119 0 19 119 "Przeciw" 1
"238" 238 0 119 0 19 119 "Przeciw" 1
"239" 239 119 0 0 19 119 "Za" 1
"240" 240 118 0 0 20 118 "Za" 1
"241" 241 105 1 16 16 122 "Za" 0.86
"242" 242 120 1 1 16 122 "Za" 0.98
"243" 243 0 118 0 20 118 "Przeciw" 1
"244" 244 106 0 3 29 109 "Za" 0.97
"245" 245 0 118 0 20 118 "Przeciw" 1
"246" 246 0 119 0 19 119 "Przeciw" 1
"247" 247 119 0 0 19 119 "Za" 1
"248" 248 119 0 0 19 119 "Za" 1
"249" 249 0 119 0 19 119 "Przeciw" 1
"250" 250 10 109 0 19 119 "Przeciw" 0.92
"251" 251 120 0 0 18 120 "Za" 1
"252" 252 120 0 0 18 120 "Za" 1
"253" 253 120 0 0 18 120 "Za" 1
"254" 254 118 0 0 20 118 "Za" 1
"255" 255 119 0 0 19 119 "Za" 1
"256" 256 116 2 0 20 118 "Za" 0.98
"257" 257 119 0 0 19 119 "Za" 1
"258" 258 116 1 0 21 117 "Za" 0.99
"259" 259 119 0 1 18 120 "Za" 0.99
"260" 260 0 121 0 17 121 "Przeciw" 1
"261" 261 121 0 0 17 121 "Za" 1
"262" 262 2 119 0 17 121 "Przeciw" 0.98
"263" 263 121 0 0 17 121 "Za" 1
"264" 264 120 0 0 18 120 "Za" 1
"265" 265 118 1 0 19 119 "Za" 0.99
"266" 266 120 0 0 18 120 "Za" 1
"267" 267 121 0 0 17 121 "Za" 1
"268" 268 119 2 0 17 121 "Za" 0.98
"269" 269 121 0 0 17 121 "Za" 1
"270" 270 121 0 0 17 121 "Za" 1
"271" 271 121 0 0 17 121 "Za" 1
"272" 272 120 0 0 18 120 "Za" 1
"273" 273 1 120 0 17 121 "Przeciw" 0.99
"274" 274 121 0 0 17 121 "Za" 1
"275" 275 0 120 0 18 120 "Przeciw" 1
"276" 276 116 0 0 22 116 "Za" 1
"277" 277 119 0 0 19 119 "Za" 1
"278" 278 0 125 1 12 126 "Przeciw" 0.99
"279" 279 126 0 0 12 126 "Za" 1
"280" 280 0 126 0 12 126 "Przeciw" 1
"281" 281 3 3 120 12 126 "Wstrzyma³ siê" 0.95
"282" 282 126 0 0 12 126 "Za" 1
"283" 283 1 125 0 12 126 "Przeciw" 0.99
"284" 284 126 0 0 12 126 "Za" 1
"285" 285 126 0 0 12 126 "Za" 1
"286" 286 126 0 0 12 126 "Za" 1
"287" 287 125 0 0 13 125 "Za" 1
"288" 288 126 0 0 12 126 "Za" 1
"289" 289 124 1 0 13 125 "Za" 0.99
"290" 290 1 125 0 12 126 "Przeciw" 0.99
"291" 291 2 124 0 12 126 "Przeciw" 0.98
"292" 292 126 0 0 12 126 "Za" 1
"293" 293 125 0 0 13 125 "Za" 1
"294" 294 126 0 0 12 126 "Za" 1
"295" 295 126 0 0 12 126 "Za" 1
"296" 296 125 1 0 12 126 "Za" 0.99
"297" 297 125 0 0 13 125 "Za" 1
"298" 298 126 0 0 12 126 "Za" 1
"299" 299 126 0 0 12 126 "Za" 1
"300" 300 126 0 0 12 126 "Za" 1
"301" 301 126 0 0 12 126 "Za" 1
"302" 302 0 126 0 12 126 "Przeciw" 1
"303" 303 126 0 0 12 126 "Za" 1
"304" 304 126 0 0 12 126 "Za" 1
"305" 305 126 0 0 12 126 "Za" 1
"306" 306 126 0 0 12 126 "Za" 1
"307" 307 1 125 0 12 126 "Przeciw" 0.99
"308" 308 126 0 0 12 126 "Za" 1
"309" 309 0 0 126 12 126 "Wstrzyma³ siê" 1
"310" 310 125 0 1 12 126 "Za" 0.99
"311" 311 126 0 0 12 126 "Za" 1
"312" 312 9 1 115 13 125 "Wstrzyma³ siê" 0.92
"313" 313 0 126 0 12 126 "Przeciw" 1
"314" 314 126 0 0 12 126 "Za" 1
"315" 315 0 117 0 21 117 "Przeciw" 1
"316" 316 0 117 0 21 117 "Przeciw" 1
"317" 317 0 117 0 21 117 "Przeciw" 1
"318" 318 0 117 0 21 117 "Przeciw" 1
"319" 319 1 116 0 21 117 "Przeciw" 0.99
"320" 320 0 131 2 5 133 "Przeciw" 0.98
"321" 321 134 0 0 4 134 "Za" 1
"322" 322 135 0 0 3 135 "Za" 1
"323" 323 134 0 0 4 134 "Za" 1
"324" 324 134 1 0 3 135 "Za" 0.99
"325" 325 133 1 0 4 134 "Za" 0.99
"326" 326 134 0 0 4 134 "Za" 1
"327" 327 0 135 0 3 135 "Przeciw" 1
"328" 328 0 135 0 3 135 "Przeciw" 1
"329" 329 0 135 0 3 135 "Przeciw" 1
"330" 330 134 1 0 3 135 "Za" 0.99
"331" 331 0 135 0 3 135 "Przeciw" 1
"332" 332 135 0 0 3 135 "Za" 1
"333" 333 1 133 0 4 134 "Przeciw" 0.99
"334" 334 134 0 1 3 135 "Za" 0.99
"335" 335 134 0 0 4 134 "Za" 1
"336" 336 134 0 0 4 134 "Za" 1
"337" 337 0 132 1 5 133 "Przeciw" 0.99
"338" 338 0 133 0 5 133 "Przeciw" 1
"339" 339 0 129 0 9 129 "Przeciw" 1
"340" 340 128 1 4 5 133 "Za" 0.96
"341" 341 133 0 0 5 133 "Za" 1
"342" 342 133 0 0 5 133 "Za" 1
"343" 343 133 0 0 5 133 "Za" 1
"344" 344 0 133 0 5 133 "Przeciw" 1
"345" 345 0 124 2 12 126 "Przeciw" 0.98
"346" 346 127 0 0 11 127 "Za" 1
"347" 347 1 124 1 12 126 "Przeciw" 0.98
"348" 348 92 10 27 9 129 "Za" 0.71
"349" 349 119 1 0 18 120 "Za" 0.99
"350" 350 128 0 0 10 128 "Za" 1
"351" 351 128 0 0 10 128 "Za" 1
"352" 352 1 127 2 8 130 "Przeciw" 0.98
"353" 353 128 0 1 9 129 "Za" 0.99
"354" 354 129 2 0 7 131 "Za" 0.98
"355" 355 0 131 0 7 131 "Przeciw" 1
"356" 356 13 116 0 9 129 "Przeciw" 0.9
"357" 357 130 0 0 8 130 "Za" 1
"358" 358 31 97 0 10 128 "Przeciw" 0.76
"359" 359 128 1 1 8 130 "Za" 0.98
"360" 360 122 0 1 15 123 "Za" 0.99
"361" 361 130 1 0 7 131 "Za" 0.99
"362" 362 126 1 0 11 127 "Za" 0.99
"363" 363 4 124 4 6 132 "Przeciw" 0.94
"364" 364 129 0 0 9 129 "Za" 1
"365" 365 132 1 0 5 133 "Za" 0.99
"366" 366 133 0 0 5 133 "Za" 1
"367" 367 133 0 0 5 133 "Za" 1
"368" 368 133 0 0 5 133 "Za" 1
"369" 369 131 0 0 7 131 "Za" 1
"370" 370 116 1 0 21 117 "Za" 0.99
"371" 371 122 9 0 7 131 "Za" 0.93
"372" 372 126 0 0 12 126 "Za" 1
"373" 373 124 4 0 10 128 "Za" 0.97
"374" 374 26 101 0 11 127 "Przeciw" 0.8
"375" 375 129 5 0 4 134 "Za" 0.96
"376" 376 134 0 0 4 134 "Za" 1
"377" 377 131 0 0 7 131 "Za" 1
"378" 378 131 0 0 7 131 "Za" 1
"379" 379 131 0 0 7 131 "Za" 1
"380" 380 132 0 1 5 133 "Za" 0.99
"381" 381 133 0 0 5 133 "Za" 1
"382" 382 130 0 0 8 130 "Za" 1
"383" 383 133 1 0 4 134 "Za" 0.99
"384" 384 128 1 0 9 129 "Za" 0.99
"385" 385 132 1 0 5 133 "Za" 0.99
"386" 386 133 0 0 5 133 "Za" 1
"387" 387 129 0 0 9 129 "Za" 1
"388" 388 130 0 0 8 130 "Za" 1
"389" 389 133 0 0 5 133 "Za" 1
"390" 390 132 0 0 6 132 "Za" 1
"391" 391 129 0 0 9 129 "Za" 1
"392" 392 127 0 0 11 127 "Za" 1
"393" 393 127 0 0 11 127 "Za" 1
"394" 394 127 0 0 11 127 "Za" 1
"395" 395 131 0 0 7 131 "Za" 1
"396" 396 133 0 0 5 133 "Za" 1
"397" 397 130 0 1 7 131 "Za" 0.99
"398" 398 130 0 1 7 131 "Za" 0.99
"399" 399 130 0 0 8 130 "Za" 1
"400" 400 131 0 0 7 131 "Za" 1
"401" 401 131 0 0 7 131 "Za" 1
"402" 402 123 1 0 14 124 "Za" 0.99
"403" 403 129 2 0 7 131 "Za" 0.98
"404" 404 130 0 0 8 130 "Za" 1
"405" 405 130 2 0 6 132 "Za" 0.98
"406" 406 131 0 0 7 131 "Za" 1
"407" 407 128 0 0 10 128 "Za" 1
"408" 408 129 0 0 9 129 "Za" 1
"409" 409 126 6 2 4 134 "Za" 0.94
"410" 410 134 0 0 4 134 "Za" 1
"411" 411 130 1 0 7 131 "Za" 0.99
"412" 412 57 72 2 7 131 "Przeciw" 0.55
"413" 413 41 91 1 5 133 "Przeciw" 0.68
"414" 414 84 50 0 4 134 "Za" 0.63
"415" 415 133 0 0 5 133 "Za" 1
"416" 416 133 0 0 5 133 "Za" 1
"417" 417 134 0 0 4 134 "Za" 1
"418" 418 134 0 0 4 134 "Za" 1
"419" 419 84 48 1 5 133 "Za" 0.63
"420" 420 130 0 0 8 130 "Za" 1
"421" 421 113 17 0 8 130 "Za" 0.87
"422" 422 131 0 0 7 131 "Za" 1
"423" 423 132 0 0 6 132 "Za" 1
"424" 424 134 0 0 4 134 "Za" 1
"425" 425 131 2 0 5 133 "Za" 0.98
"426" 426 130 1 0 7 131 "Za" 0.99
"427" 427 131 0 0 7 131 "Za" 1
"428" 428 132 0 0 6 132 "Za" 1
"429" 429 132 1 0 5 133 "Za" 0.99
"430" 430 131 1 0 6 132 "Za" 0.99
"431" 431 113 20 0 5 133 "Za" 0.85
"432" 432 132 0 0 6 132 "Za" 1
"433" 433 130 0 0 8 130 "Za" 1
"434" 434 133 0 0 5 133 "Za" 1
"435" 435 130 0 0 8 130 "Za" 1
"436" 436 133 0 0 5 133 "Za" 1
"437" 437 133 1 0 4 134 "Za" 0.99
"438" 438 133 0 1 4 134 "Za" 0.99
"439" 439 131 1 0 6 132 "Za" 0.99
"440" 440 120 10 1 7 131 "Za" 0.92
"441" 441 132 0 0 6 132 "Za" 1
"442" 442 131 0 0 7 131 "Za" 1
"443" 443 132 0 0 6 132 "Za" 1
"444" 444 133 0 0 5 133 "Za" 1
"445" 445 132 0 0 6 132 "Za" 1
"446" 446 47 81 2 8 130 "Przeciw" 0.62
"447" 447 134 0 0 4 134 "Za" 1
"448" 448 132 0 0 6 132 "Za" 1
"449" 449 131 3 0 4 134 "Za" 0.98
"450" 450 133 0 0 5 133 "Za" 1
"451" 451 132 0 0 6 132 "Za" 1
"452" 452 126 0 0 12 126 "Za" 1
"453" 453 134 0 0 4 134 "Za" 1
"454" 454 134 0 0 4 134 "Za" 1
"455" 455 131 0 0 7 131 "Za" 1
"456" 456 134 0 0 4 134 "Za" 1
"457" 457 133 0 0 5 133 "Za" 1
"458" 458 131 0 0 7 131 "Za" 1
"459" 459 130 4 0 4 134 "Za" 0.97
"460" 460 134 0 0 4 134 "Za" 1
"461" 461 14 117 0 7 131 "Przeciw" 0.89
"462" 462 132 0 0 6 132 "Za" 1
"463" 463 133 0 0 5 133 "Za" 1
"464" 464 133 0 0 5 133 "Za" 1
"465" 465 131 0 0 7 131 "Za" 1
"466" 466 133 0 0 5 133 "Za" 1
"467" 467 134 0 0 4 134 "Za" 1
"468" 468 134 0 0 4 134 "Za" 1
"469" 469 134 0 0 4 134 "Za" 1
"470" 470 132 0 0 6 132 "Za" 1
"471" 471 134 0 0 4 134 "Za" 1
"472" 472 134 0 0 4 134 "Za" 1
"473" 473 133 0 0 5 133 "Za" 1
"474" 474 134 0 0 4 134 "Za" 1
"475" 475 134 0 0 4 134 "Za" 1
"476" 476 134 0 0 4 134 "Za" 1
"477" 477 134 0 0 4 134 "Za" 1
"478" 478 133 0 0 5 133 "Za" 1
"479" 479 133 0 0 5 133 "Za" 1
"480" 480 133 0 0 5 133 "Za" 1
"481" 481 133 0 0 5 133 "Za" 1
"482" 482 129 2 2 5 133 "Za" 0.97
"483" 483 130 1 0 7 131 "Za" 0.99
"484" 484 129 0 0 9 129 "Za" 1
"485" 485 127 1 0 10 128 "Za" 0.99
"486" 486 3 115 1 19 119 "Przeciw" 0.97
"487" 487 1 131 0 6 132 "Przeciw" 0.99
"488" 488 7 125 1 5 133 "Przeciw" 0.94
"489" 489 129 0 2 7 131 "Za" 0.98
"490" 490 128 1 3 6 132 "Za" 0.97
"491" 491 120 1 12 5 133 "Za" 0.9
"492" 492 127 3 2 6 132 "Za" 0.96
"493" 493 130 0 1 7 131 "Za" 0.99
"494" 494 131 0 1 6 132 "Za" 0.99
"495" 495 128 4 1 5 133 "Za" 0.96
"496" 496 130 1 0 7 131 "Za" 0.99
"497" 497 132 0 0 6 132 "Za" 1
"498" 498 2 130 0 6 132 "Przeciw" 0.98
"499" 499 1 130 1 6 132 "Przeciw" 0.98
"500" 500 10 119 0 9 129 "Przeciw" 0.92
"501" 501 127 5 0 6 132 "Za" 0.96
"502" 502 132 0 0 6 132 "Za" 1
"503" 503 131 0 0 7 131 "Za" 1
"504" 504 108 22 1 7 131 "Za" 0.82
"505" 505 81 51 0 6 132 "Za" 0.61
"506" 506 126 4 1 7 131 "Za" 0.96
"507" 507 131 1 0 6 132 "Za" 0.99
"508" 508 131 1 0 6 132 "Za" 0.99
"509" 509 128 2 0 8 130 "Za" 0.98
"510" 510 130 0 0 8 130 "Za" 1
"511" 511 129 0 0 9 129 "Za" 1
"512" 512 125 2 0 11 127 "Za" 0.98
"513" 513 1 130 0 7 131 "Przeciw" 0.99
"514" 514 0 130 0 8 130 "Przeciw" 1
"515" 515 3 128 0 7 131 "Przeciw" 0.98
"516" 516 2 128 0 8 130 "Przeciw" 0.98
"517" 517 0 130 1 7 131 "Przeciw" 0.99
"518" 518 0 130 0 8 130 "Przeciw" 1
"519" 519 0 132 0 6 132 "Przeciw" 1
"520" 520 1 133 0 4 134 "Przeciw" 0.99
"521" 521 2 132 0 4 134 "Przeciw" 0.99
"522" 522 1 132 0 5 133 "Przeciw" 0.99
"523" 523 1 132 0 5 133 "Przeciw" 0.99
"524" 524 5 127 0 6 132 "Przeciw" 0.96
"525" 525 4 130 0 4 134 "Przeciw" 0.97
"526" 526 2 130 0 6 132 "Przeciw" 0.98
"527" 527 132 2 1 3 135 "Za" 0.98
"528" 528 1 134 0 3 135 "Przeciw" 0.99
"529" 529 38 16 79 5 133 "Wstrzyma³ siê" 0.59
"530" 530 133 0 0 5 133 "Za" 1
"531" 531 132 2 0 4 134 "Za" 0.99
"532" 532 133 2 0 3 135 "Za" 0.99
"533" 533 128 3 0 7 131 "Za" 0.98
"534" 534 134 1 0 3 135 "Za" 0.99
"535" 535 131 3 1 3 135 "Za" 0.97
"536" 536 135 0 0 3 135 "Za" 1
"537" 537 127 8 0 3 135 "Za" 0.94
"538" 538 124 10 0 4 134 "Za" 0.93
"539" 539 133 0 0 5 133 "Za" 1
"540" 540 134 0 0 4 134 "Za" 1
"541" 541 135 0 0 3 135 "Za" 1
"542" 542 131 0 0 7 131 "Za" 1
"543" 543 132 0 0 6 132 "Za" 1
"544" 544 134 0 0 4 134 "Za" 1
"545" 545 135 0 0 3 135 "Za" 1
"546" 546 130 0 2 6 132 "Za" 0.98
"547" 547 130 5 0 3 135 "Za" 0.96
"548" 548 135 0 0 3 135 "Za" 1
"549" 549 133 0 0 5 133 "Za" 1
"550" 550 134 0 0 4 134 "Za" 1
"551" 551 134 0 0 4 134 "Za" 1
"552" 552 133 1 0 4 134 "Za" 0.99
"553" 553 134 0 0 4 134 "Za" 1
"554" 554 134 0 0 4 134 "Za" 1
"555" 555 134 0 0 4 134 "Za" 1
"556" 556 134 0 0 4 134 "Za" 1
"557" 557 133 0 0 5 133 "Za" 1
"558" 558 133 1 0 4 134 "Za" 0.99
"559" 559 133 0 0 5 133 "Za" 1
"560" 560 132 0 1 5 133 "Za" 0.99
"561" 561 133 0 0 5 133 "Za" 1
"562" 562 0 131 0 7 131 "Przeciw" 1
"563" 563 126 0 0 12 126 "Za" 1
"564" 564 134 0 0 4 134 "Za" 1
"565" 565 130 1 0 7 131 "Za" 0.99
"566" 566 132 0 0 6 132 "Za" 1
"567" 567 135 0 0 3 135 "Za" 1
"568" 568 128 0 0 10 128 "Za" 1
"569" 569 130 0 0 8 130 "Za" 1
"570" 570 127 0 0 11 127 "Za" 1
"571" 571 133 0 0 5 133 "Za" 1
"572" 572 133 0 0 5 133 "Za" 1
"573" 573 130 0 0 8 130 "Za" 1
"574" 574 133 0 0 5 133 "Za" 1
"575" 575 135 0 0 3 135 "Za" 1
"576" 576 135 0 0 3 135 "Za" 1
"577" 577 132 0 0 6 132 "Za" 1
"578" 578 132 0 0 6 132 "Za" 1
"579" 579 129 0 0 9 129 "Za" 1
"580" 580 131 0 0 7 131 "Za" 1
"581" 581 130 0 0 8 130 "Za" 1
"582" 582 130 0 0 8 130 "Za" 1
"583" 583 130 0 0 8 130 "Za" 1
"584" 584 131 0 0 7 131 "Za" 1
"585" 585 132 0 0 6 132 "Za" 1
"586" 586 130 0 0 8 130 "Za" 1
"587" 587 128 0 0 10 128 "Za" 1
"588" 588 122 0 0 16 122 "Za" 1
"589" 589 128 0 0 10 128 "Za" 1
"590" 590 134 0 0 4 134 "Za" 1
"591" 591 132 0 0 6 132 "Za" 1
"592" 592 135 0 0 3 135 "Za" 1
"593" 593 131 0 0 7 131 "Za" 1
"594" 594 132 1 0 5 133 "Za" 0.99
"595" 595 131 0 0 7 131 "Za" 1
"596" 596 128 0 0 10 128 "Za" 1
"597" 597 131 0 0 7 131 "Za" 1
"598" 598 126 0 0 12 126 "Za" 1
"599" 599 130 0 1 7 131 "Za" 0.99
"600" 600 130 0 0 8 130 "Za" 1
"601" 601 128 0 0 10 128 "Za" 1
"602" 602 131 0 0 7 131 "Za" 1
"603" 603 132 0 0 6 132 "Za" 1
"604" 604 131 0 0 7 131 "Za" 1
"605" 605 132 0 0 6 132 "Za" 1
"606" 606 133 0 0 5 133 "Za" 1
"607" 607 128 1 0 9 129 "Za" 0.99
"608" 608 132 0 0 6 132 "Za" 1
"609" 609 130 0 1 7 131 "Za" 0.99
"610" 610 130 0 0 8 130 "Za" 1
"611" 611 133 0 0 5 133 "Za" 1
"612" 612 134 0 0 4 134 "Za" 1
"613" 613 135 0 0 3 135 "Za" 1
"614" 614 135 0 0 3 135 "Za" 1
"615" 615 131 0 0 7 131 "Za" 1
"616" 616 133 0 0 5 133 "Za" 1
"617" 617 132 2 0 4 134 "Za" 0.99
"618" 618 131 0 0 7 131 "Za" 1
"619" 619 134 0 0 4 134 "Za" 1
"620" 620 131 2 0 5 133 "Za" 0.98
"621" 621 132 0 0 6 132 "Za" 1
"622" 622 135 0 0 3 135 "Za" 1
"623" 623 130 0 0 8 130 "Za" 1
"624" 624 131 0 0 7 131 "Za" 1
"625" 625 131 0 0 7 131 "Za" 1
"626" 626 134 0 0 4 134 "Za" 1
"627" 627 133 0 0 5 133 "Za" 1
"628" 628 133 0 0 5 133 "Za" 1
"629" 629 130 1 0 7 131 "Za" 0.99
"630" 630 134 0 0 4 134 "Za" 1
"631" 631 133 0 0 5 133 "Za" 1
"632" 632 132 1 0 5 133 "Za" 0.99
"633" 633 121 1 5 11 127 "Za" 0.95
"634" 634 134 0 0 4 134 "Za" 1
"635" 635 133 0 0 5 133 "Za" 1
"636" 636 133 0 0 5 133 "Za" 1
"637" 637 101 16 2 19 119 "Za" 0.85
"638" 638 132 1 1 4 134 "Za" 0.99
"639" 639 134 0 0 4 134 "Za" 1
"640" 640 134 1 0 3 135 "Za" 0.99
"641" 641 134 0 0 4 134 "Za" 1
"642" 642 134 0 0 4 134 "Za" 1
"643" 643 129 3 1 5 133 "Za" 0.97
"644" 644 132 0 0 6 132 "Za" 1
"645" 645 131 1 0 6 132 "Za" 0.99
"646" 646 132 1 0 5 133 "Za" 0.99
"647" 647 133 0 0 5 133 "Za" 1
"648" 648 133 0 0 5 133 "Za" 1
"649" 649 133 0 0 5 133 "Za" 1
"650" 650 131 1 0 6 132 "Za" 0.99
"651" 651 134 0 0 4 134 "Za" 1
"652" 652 135 0 0 3 135 "Za" 1
"653" 653 135 0 0 3 135 "Za" 1
"654" 654 1 130 1 6 132 "Przeciw" 0.98
"655" 655 128 0 0 10 128 "Za" 1
"656" 656 0 133 1 4 134 "Przeciw" 0.99
"657" 657 4 0 131 3 135 "Wstrzyma³ siê" 0.97
"658" 658 133 0 0 5 133 "Za" 1
"659" 659 133 0 0 5 133 "Za" 1
"660" 660 132 0 0 6 132 "Za" 1
"661" 661 0 1 130 7 131 "Wstrzyma³ siê" 0.99
"662" 662 19 0 103 16 122 "Wstrzyma³ siê" 0.84
"663" 663 129 0 0 9 129 "Za" 1
"664" 664 128 0 0 10 128 "Za" 1
"665" 665 127 0 0 11 127 "Za" 1
"666" 666 0 135 0 3 135 "Przeciw" 1
"667" 667 134 0 0 4 134 "Za" 1
"668" 668 134 0 0 4 134 "Za" 1
"669" 669 134 0 0 4 134 "Za" 1
"670" 670 131 2 0 5 133 "Za" 0.98
"671" 671 132 0 0 6 132 "Za" 1
"672" 672 133 0 0 5 133 "Za" 1
"673" 673 134 0 0 4 134 "Za" 1
"674" 674 134 0 0 4 134 "Za" 1
"675" 675 132 0 0 6 132 "Za" 1
"676" 676 134 0 0 4 134 "Za" 1
"677" 677 135 0 0 3 135 "Za" 1
"678" 678 134 0 0 4 134 "Za" 1
"679" 679 133 0 0 5 133 "Za" 1
"680" 680 134 0 0 4 134 "Za" 1
"681" 681 133 0 0 5 133 "Za" 1
"682" 682 134 0 0 4 134 "Za" 1
"683" 683 131 1 0 6 132 "Za" 0.99
"684" 684 133 1 0 4 134 "Za" 0.99
"685" 685 135 0 0 3 135 "Za" 1
"686" 686 135 0 0 3 135 "Za" 1
"687" 687 134 0 0 4 134 "Za" 1
"688" 688 132 0 0 6 132 "Za" 1
"689" 689 135 0 0 3 135 "Za" 1
"690" 690 131 2 0 5 133 "Za" 0.98
"691" 691 133 0 0 5 133 "Za" 1
"692" 692 133 0 0 5 133 "Za" 1
"693" 693 135 0 0 3 135 "Za" 1
"694" 694 135 0 0 3 135 "Za" 1
"695" 695 134 0 0 4 134 "Za" 1
"696" 696 135 0 0 3 135 "Za" 1
"697" 697 134 0 0 4 134 "Za" 1
"698" 698 133 0 0 5 133 "Za" 1
"699" 699 135 0 0 3 135 "Za" 1
"700" 700 134 0 0 4 134 "Za" 1
"701" 701 134 1 0 3 135 "Za" 0.99
"702" 702 1 133 0 4 134 "Przeciw" 0.99
"703" 703 133 0 0 5 133 "Za" 1
"704" 704 134 0 0 4 134 "Za" 1
"705" 705 128 1 0 9 129 "Za" 0.99
"706" 706 135 0 0 3 135 "Za" 1
"707" 707 135 0 0 3 135 "Za" 1
"708" 708 134 0 0 4 134 "Za" 1
"709" 709 135 0 0 3 135 "Za" 1
"710" 710 134 0 0 4 134 "Za" 1
"711" 711 135 0 0 3 135 "Za" 1
"712" 712 134 0 0 4 134 "Za" 1
"713" 713 135 0 0 3 135 "Za" 1
"714" 714 135 0 0 3 135 "Za" 1
"715" 715 129 0 0 9 129 "Za" 1
"716" 716 122 0 3 13 125 "Za" 0.98
"717" 717 133 0 0 5 133 "Za" 1
"718" 718 132 0 1 5 133 "Za" 0.99
"719" 719 0 130 3 5 133 "Przeciw" 0.98
"720" 720 0 109 24 5 133 "Przeciw" 0.82
"721" 721 131 0 0 7 131 "Za" 1
"722" 722 0 131 0 7 131 "Przeciw" 1
"723" 723 130 0 1 7 131 "Za" 0.99
"724" 724 132 0 0 6 132 "Za" 1
"725" 725 132 0 0 6 132 "Za" 1
"726" 726 2 3 127 6 132 "Wstrzyma³ siê" 0.96
"727" 727 131 0 0 7 131 "Za" 1
"728" 728 132 0 0 6 132 "Za" 1
"729" 729 132 0 0 6 132 "Za" 1
"730" 730 131 1 0 6 132 "Za" 0.99
"731" 731 131 0 0 7 131 "Za" 1
"732" 732 132 0 0 6 132 "Za" 1
"733" 733 132 0 1 5 133 "Za" 0.99
"734" 734 3 95 1 39 99 "Przeciw" 0.96
"735" 735 0 132 1 5 133 "Przeciw" 0.99
"736" 736 132 0 0 6 132 "Za" 1
"737" 737 131 1 0 6 132 "Za" 0.99
"738" 738 128 0 0 10 128 "Za" 1
"739" 739 130 0 0 8 130 "Za" 1
"740" 740 130 2 0 6 132 "Za" 0.98
"741" 741 132 0 1 5 133 "Za" 0.99
"742" 742 2 129 1 6 132 "Przeciw" 0.98
"743" 743 133 0 0 5 133 "Za" 1
"744" 744 128 0 3 7 131 "Za" 0.98
"745" 745 131 0 2 5 133 "Za" 0.98
"746" 746 130 0 0 8 130 "Za" 1
"747" 747 4 128 1 5 133 "Przeciw" 0.96
"748" 748 132 0 0 6 132 "Za" 1
"749" 749 133 0 0 5 133 "Za" 1
"750" 750 133 0 0 5 133 "Za" 1
"751" 751 0 129 0 9 129 "Przeciw" 1
"752" 752 1 127 0 10 128 "Przeciw" 0.99
"753" 753 0 127 1 10 128 "Przeciw" 0.99
"754" 754 0 124 4 10 128 "Przeciw" 0.97
"755" 755 127 0 1 10 128 "Za" 0.99
"756" 756 128 0 0 10 128 "Za" 1
"757" 757 128 0 0 10 128 "Za" 1
"758" 758 123 0 4 11 127 "Za" 0.97
"759" 759 0 129 0 9 129 "Przeciw" 1
"760" 760 0 130 0 8 130 "Przeciw" 1
"761" 761 0 129 0 9 129 "Przeciw" 1
"762" 762 0 129 0 9 129 "Przeciw" 1
"763" 763 0 130 0 8 130 "Przeciw" 1
"764" 764 0 130 0 8 130 "Przeciw" 1
"765" 765 0 127 0 11 127 "Przeciw" 1
"766" 766 0 128 0 10 128 "Przeciw" 1
"767" 767 1 124 0 13 125 "Przeciw" 0.99
"768" 768 3 124 0 11 127 "Przeciw" 0.98
"769" 769 129 0 0 9 129 "Za" 1
"770" 770 122 6 1 9 129 "Za" 0.95
"771" 771 2 127 0 9 129 "Przeciw" 0.98
"772" 772 113 13 1 11 127 "Za" 0.89
"773" 773 0 128 0 10 128 "Przeciw" 1
"774" 774 0 129 0 9 129 "Przeciw" 1
"775" 775 0 129 0 9 129 "Przeciw" 1
"776" 776 0 127 0 11 127 "Przeciw" 1
"777" 777 1 128 0 9 129 "Przeciw" 0.99
"778" 778 129 0 0 9 129 "Za" 1
"779" 779 0 129 0 9 129 "Przeciw" 1
"780" 780 4 125 0 9 129 "Przeciw" 0.97
"781" 781 118 10 1 9 129 "Za" 0.91
"782" 782 1 128 0 9 129 "Przeciw" 0.99
"783" 783 3 124 2 9 129 "Przeciw" 0.96
"784" 784 121 4 3 10 128 "Za" 0.95
"785" 785 121 3 5 9 129 "Za" 0.94
"786" 786 128 1 0 9 129 "Za" 0.99
"787" 787 128 1 0 9 129 "Za" 0.99
"788" 788 1 126 0 11 127 "Przeciw" 0.99
"789" 789 0 129 1 8 130 "Przeciw" 0.99
"790" 790 0 130 0 8 130 "Przeciw" 1
"791" 791 0 129 1 8 130 "Przeciw" 0.99
"792" 792 0 130 1 7 131 "Przeciw" 0.99
"793" 793 129 0 0 9 129 "Za" 1
"794" 794 125 1 3 9 129 "Za" 0.97
"795" 795 131 0 0 7 131 "Za" 1
"796" 796 128 0 1 9 129 "Za" 0.99
"797" 797 133 1 0 4 134 "Za" 0.99
"798" 798 133 0 1 4 134 "Za" 0.99
"799" 799 133 1 0 4 134 "Za" 0.99
"800" 800 135 0 0 3 135 "Za" 1
"801" 801 0 136 0 2 136 "Przeciw" 1
"802" 802 0 136 0 2 136 "Przeciw" 1
"803" 803 0 137 0 1 137 "Przeciw" 1
"804" 804 1 136 0 1 137 "Przeciw" 0.99
"805" 805 137 0 0 1 137 "Za" 1
"806" 806 135 0 0 3 135 "Za" 1
"807" 807 137 0 0 1 137 "Za" 1
"808" 808 137 0 0 1 137 "Za" 1
"809" 809 137 0 0 1 137 "Za" 1
"810" 810 132 3 2 1 137 "Za" 0.96
"811" 811 0 0 136 2 136 "Wstrzyma³ siê" 1
"812" 812 135 1 0 2 136 "Za" 0.99
"813" 813 7 1 129 1 137 "Wstrzyma³ siê" 0.94
"814" 814 137 0 0 1 137 "Za" 1
"815" 815 136 1 0 1 137 "Za" 0.99
"816" 816 137 0 0 1 137 "Za" 1
"817" 817 137 0 0 1 137 "Za" 1
"818" 818 136 1 0 1 137 "Za" 0.99
"819" 819 6 0 131 1 137 "Wstrzyma³ siê" 0.96
"820" 820 136 1 0 1 137 "Za" 0.99
"821" 821 135 1 0 2 136 "Za" 0.99
"822" 822 133 4 0 1 137 "Za" 0.97
"823" 823 1 1 134 2 136 "Wstrzyma³ siê" 0.99
"824" 824 1 1 134 2 136 "Wstrzyma³ siê" 0.99
"825" 825 137 0 0 1 137 "Za" 1
"826" 826 3 1 133 1 137 "Wstrzyma³ siê" 0.97
"827" 827 137 0 0 1 137 "Za" 1
"828" 828 136 0 0 2 136 "Za" 1
"829" 829 137 0 0 1 137 "Za" 1
"830" 830 137 0 0 1 137 "Za" 1
"831" 831 137 0 0 1 137 "Za" 1
"832" 832 0 136 1 1 137 "Przeciw" 0.99
"833" 833 137 0 0 1 137 "Za" 1
"834" 834 0 137 0 1 137 "Przeciw" 1
"835" 835 134 0 0 4 134 "Za" 1
"836" 836 131 0 0 7 131 "Za" 1
"837" 837 0 3 122 13 125 "Wstrzyma³ siê" 0.98
"838" 838 123 0 0 15 123 "Za" 1
"839" 839 0 123 4 11 127 "Przeciw" 0.97
"840" 840 129 0 0 9 129 "Za" 1
"841" 841 3 128 0 7 131 "Przeciw" 0.98
"842" 842 130 0 0 8 130 "Za" 1
"843" 843 130 0 0 8 130 "Za" 1
"844" 844 131 0 0 7 131 "Za" 1
"845" 845 0 131 0 7 131 "Przeciw" 1
"846" 846 6 1 124 7 131 "Wstrzyma³ siê" 0.95
"847" 847 132 0 0 6 132 "Za" 1
"848" 848 132 0 0 6 132 "Za" 1
"849" 849 131 1 0 6 132 "Za" 0.99
"850" 850 131 2 0 5 133 "Za" 0.98
"851" 851 131 0 1 6 132 "Za" 0.99
"852" 852 133 0 0 5 133 "Za" 1
"853" 853 1 132 0 5 133 "Przeciw" 0.99
"854" 854 0 131 1 6 132 "Przeciw" 0.99
"855" 855 5 128 0 5 133 "Przeciw" 0.96
"856" 856 133 0 0 5 133 "Za" 1
"857" 857 132 0 0 6 132 "Za" 1
"858" 858 131 0 0 7 131 "Za" 1
"859" 859 131 0 0 7 131 "Za" 1
"860" 860 132 0 0 6 132 "Za" 1
"861" 861 131 2 0 5 133 "Za" 0.98
"862" 862 133 0 0 5 133 "Za" 1
"863" 863 0 130 1 7 131 "Przeciw" 0.99
"864" 864 133 0 0 5 133 "Za" 1
"865" 865 132 0 0 6 132 "Za" 1
"866" 866 132 0 0 6 132 "Za" 1
"867" 867 133 0 0 5 133 "Za" 1
"868" 868 0 133 0 5 133 "Przeciw" 1
"869" 869 133 0 0 5 133 "Za" 1
"870" 870 133 0 0 5 133 "Za" 1
"871" 871 133 0 0 5 133 "Za" 1
"872" 872 133 0 0 5 133 "Za" 1
"873" 873 0 133 0 5 133 "Przeciw" 1
"874" 874 133 0 0 5 133 "Za" 1
"875" 875 133 0 0 5 133 "Za" 1
"876" 876 133 0 0 5 133 "Za" 1
"877" 877 133 0 0 5 133 "Za" 1
"878" 878 133 0 0 5 133 "Za" 1
"879" 879 133 0 0 5 133 "Za" 1
"880" 880 133 0 0 5 133 "Za" 1
"881" 881 133 0 0 5 133 "Za" 1
"882" 882 133 0 0 5 133 "Za" 1
"883" 883 131 2 0 5 133 "Za" 0.98
"884" 884 132 0 0 6 132 "Za" 1
"885" 885 0 0 118 20 118 "Wstrzyma³ siê" 1
"886" 886 0 132 1 5 133 "Przeciw" 0.99
"887" 887 1 132 0 5 133 "Przeciw" 0.99
"888" 888 1 0 129 8 130 "Wstrzyma³ siê" 0.99
"889" 889 134 0 0 4 134 "Za" 1
"890" 890 132 1 1 4 134 "Za" 0.99
"891" 891 122 1 6 9 129 "Za" 0.95
"892" 892 127 0 1 10 128 "Za" 0.99
"893" 893 109 3 5 21 117 "Za" 0.93
"894" 894 127 2 1 8 130 "Za" 0.98
"895" 895 130 0 0 8 130 "Za" 1
"896" 896 130 0 0 8 130 "Za" 1
"897" 897 128 0 0 10 128 "Za" 1
"898" 898 130 0 0 8 130 "Za" 1
"899" 899 121 3 5 9 129 "Za" 0.94
"900" 900 118 10 1 9 129 "Za" 0.91
"901" 901 129 0 0 9 129 "Za" 1
"902" 902 0 128 1 9 129 "Przeciw" 0.99
"903" 903 0 126 0 12 126 "Przeciw" 1
"904" 904 5 0 125 8 130 "Wstrzyma³ siê" 0.96
"905" 905 1 127 0 10 128 "Przeciw" 0.99
"906" 906 5 124 0 9 129 "Przeciw" 0.96
"907" 907 132 0 0 6 132 "Za" 1
"908" 908 130 2 0 6 132 "Za" 0.98
"909" 909 125 1 0 12 126 "Za" 0.99
"910" 910 130 0 0 8 130 "Za" 1
"911" 911 130 2 0 6 132 "Za" 0.98
"912" 912 1 130 0 7 131 "Przeciw" 0.99
"913" 913 10 122 0 6 132 "Przeciw" 0.92
"914" 914 131 1 0 6 132 "Za" 0.99
"915" 915 126 3 0 9 129 "Za" 0.98
"916" 916 125 5 0 8 130 "Za" 0.96
"917" 917 1 130 0 7 131 "Przeciw" 0.99
"918" 918 131 0 0 7 131 "Za" 1
"919" 919 126 2 0 10 128 "Za" 0.98
"920" 920 122 7 0 9 129 "Za" 0.95
"921" 921 0 124 1 13 125 "Przeciw" 0.99
"922" 922 7 119 0 12 126 "Przeciw" 0.94
"923" 923 130 2 0 6 132 "Za" 0.98
"924" 924 117 12 0 9 129 "Za" 0.91
"925" 925 0 130 0 8 130 "Przeciw" 1
"926" 926 0 130 0 8 130 "Przeciw" 1
"927" 927 1 126 0 11 127 "Przeciw" 0.99
"928" 928 126 5 0 7 131 "Za" 0.96
"929" 929 1 130 0 7 131 "Przeciw" 0.99
"930" 930 0 131 0 7 131 "Przeciw" 1
"931" 931 0 132 0 6 132 "Przeciw" 1
"932" 932 129 2 0 7 131 "Za" 0.98
"933" 933 7 124 0 7 131 "Przeciw" 0.95
"934" 934 0 129 0 9 129 "Przeciw" 1
"935" 935 0 127 0 11 127 "Przeciw" 1
"936" 936 0 124 0 14 124 "Przeciw" 1
"937" 937 0 126 0 12 126 "Przeciw" 1
"938" 938 0 117 0 21 117 "Przeciw" 1
"939" 939 0 94 0 44 94 "Przeciw" 1
"940" 940 0 123 0 15 123 "Przeciw" 1
"941" 941 0 133 0 5 133 "Przeciw" 1
"942" 942 0 132 0 6 132 "Przeciw" 1
"943" 943 0 132 0 6 132 "Przeciw" 1
"944" 944 0 132 0 6 132 "Przeciw" 1
"945" 945 0 126 0 12 126 "Przeciw" 1
"946" 946 0 132 0 6 132 "Przeciw" 1
"947" 947 0 132 0 6 132 "Przeciw" 1
"948" 948 127 6 0 5 133 "Za" 0.95
"949" 949 0 132 0 6 132 "Przeciw" 1
"950" 950 0 132 0 6 132 "Przeciw" 1
"951" 951 0 131 0 7 131 "Przeciw" 1
"952" 952 0 131 0 7 131 "Przeciw" 1
"953" 953 0 133 0 5 133 "Przeciw" 1
"954" 954 1 129 0 8 130 "Przeciw" 0.99
"955" 955 0 127 0 11 127 "Przeciw" 1
"956" 956 0 132 0 6 132 "Przeciw" 1
"957" 957 1 130 1 6 132 "Przeciw" 0.98
"958" 958 124 8 0 6 132 "Za" 0.94
"959" 959 5 128 0 5 133 "Przeciw" 0.96
"960" 960 0 130 0 8 130 "Przeciw" 1
"961" 961 0 122 0 16 122 "Przeciw" 1
"962" 962 4 121 0 13 125 "Przeciw" 0.97
"963" 963 3 125 0 10 128 "Przeciw" 0.98
"964" 964 131 0 0 7 131 "Za" 1
"965" 965 132 0 0 6 132 "Za" 1
"966" 966 129 0 2 7 131 "Za" 0.98
"967" 967 129 0 0 9 129 "Za" 1
"968" 968 130 0 0 8 130 "Za" 1
"969" 969 131 0 0 7 131 "Za" 1
"970" 970 131 0 0 7 131 "Za" 1
"971" 971 0 134 0 4 134 "Przeciw" 1
"972" 972 134 0 0 4 134 "Za" 1
"973" 973 128 0 0 10 128 "Za" 1
"974" 974 135 0 0 3 135 "Za" 1
"975" 975 135 0 0 3 135 "Za" 1
"976" 976 135 0 0 3 135 "Za" 1
"977" 977 134 0 0 4 134 "Za" 1
"978" 978 132 0 0 6 132 "Za" 1
"979" 979 135 0 0 3 135 "Za" 1
"980" 980 131 0 0 7 131 "Za" 1
"981" 981 135 0 0 3 135 "Za" 1
"982" 982 134 0 0 4 134 "Za" 1
"983" 983 135 0 0 3 135 "Za" 1
"984" 984 134 0 0 4 134 "Za" 1
"985" 985 132 0 0 6 132 "Za" 1
"986" 986 132 0 0 6 132 "Za" 1
"987" 987 135 0 0 3 135 "Za" 1
"988" 988 1 134 0 3 135 "Przeciw" 0.99
"989" 989 134 0 0 4 134 "Za" 1
"990" 990 133 0 0 5 133 "Za" 1
"991" 991 132 1 0 5 133 "Za" 0.99
"992" 992 134 0 0 4 134 "Za" 1
"993" 993 134 0 0 4 134 "Za" 1
"994" 994 132 0 0 6 132 "Za" 1
"995" 995 134 0 0 4 134 "Za" 1
"996" 996 133 0 0 5 133 "Za" 1
"997" 997 134 0 0 4 134 "Za" 1
"998" 998 131 0 0 7 131 "Za" 1
"999" 999 133 0 0 5 133 "Za" 1
"1000" 1000 134 0 0 4 134 "Za" 1
"1001" 1001 133 0 0 5 133 "Za" 1
"1002" 1002 4 129 0 5 133 "Przeciw" 0.97
"1003" 1003 0 134 0 4 134 "Przeciw" 1
"1004" 1004 133 1 0 4 134 "Za" 0.99
"1005" 1005 133 0 0 5 133 "Za" 1
"1006" 1006 134 0 0 4 134 "Za" 1
"1007" 1007 135 0 0 3 135 "Za" 1
"1008" 1008 135 0 0 3 135 "Za" 1
"1009" 1009 135 0 0 3 135 "Za" 1
"1010" 1010 135 0 0 3 135 "Za" 1
"1011" 1011 135 0 0 3 135 "Za" 1
"1012" 1012 135 0 0 3 135 "Za" 1
"1013" 1013 133 2 0 3 135 "Za" 0.99
"1014" 1014 132 0 0 6 132 "Za" 1
"1015" 1015 134 0 0 4 134 "Za" 1
"1016" 1016 2 133 0 3 135 "Przeciw" 0.99
"1017" 1017 135 0 0 3 135 "Za" 1
"1018" 1018 131 0 0 7 131 "Za" 1
"1019" 1019 135 0 0 3 135 "Za" 1
"1020" 1020 135 0 0 3 135 "Za" 1
"1021" 1021 133 0 0 5 133 "Za" 1
"1022" 1022 133 0 0 5 133 "Za" 1
"1023" 1023 135 0 0 3 135 "Za" 1
"1024" 1024 134 0 0 4 134 "Za" 1
"1025" 1025 134 0 0 4 134 "Za" 1
"1026" 1026 135 0 0 3 135 "Za" 1
"1027" 1027 134 0 0 4 134 "Za" 1
"1028" 1028 0 0 0 138 0 "Za" 0
"1029" 1029 128 0 0 10 128 "Za" 1
"1030" 1030 0 129 0 9 129 "Przeciw" 1
"1031" 1031 0 129 0 9 129 "Przeciw" 1
"1032" 1032 0 129 0 9 129 "Przeciw" 1
"1033" 1033 0 128 0 10 128 "Przeciw" 1
"1034" 1034 0 126 0 12 126 "Przeciw" 1
"1035" 1035 1 120 0 17 121 "Przeciw" 0.99
"1036" 1036 123 3 0 12 126 "Za" 0.98
"1037" 1037 0 118 0 20 118 "Przeciw" 1
"1038" 1038 123 1 1 13 125 "Za" 0.98
"1039" 1039 127 0 1 10 128 "Za" 0.99
"1040" 1040 130 0 0 8 130 "Za" 1
"1041" 1041 0 131 0 7 131 "Przeciw" 1
"1042" 1042 125 6 0 7 131 "Za" 0.95
"1043" 1043 2 129 0 7 131 "Przeciw" 0.98
"1044" 1044 1 128 0 9 129 "Przeciw" 0.99
"1045" 1045 0 130 0 8 130 "Przeciw" 1
"1046" 1046 0 131 0 7 131 "Przeciw" 1
"1047" 1047 0 131 0 7 131 "Przeciw" 1
"1048" 1048 0 131 0 7 131 "Przeciw" 1
"1049" 1049 0 131 0 7 131 "Przeciw" 1
"1050" 1050 0 130 0 8 130 "Przeciw" 1
"1051" 1051 0 131 0 7 131 "Przeciw" 1
"1052" 1052 0 129 0 9 129 "Przeciw" 1
"1053" 1053 0 131 0 7 131 "Przeciw" 1
"1054" 1054 7 124 0 7 131 "Przeciw" 0.95
"1055" 1055 130 1 0 7 131 "Za" 0.99
"1056" 1056 0 131 0 7 131 "Przeciw" 1
"1057" 1057 0 131 0 7 131 "Przeciw" 1
"1058" 1058 0 129 0 9 129 "Przeciw" 1
"1059" 1059 0 130 0 8 130 "Przeciw" 1
"1060" 1060 0 131 0 7 131 "Przeciw" 1
"1061" 1061 2 129 0 7 131 "Przeciw" 0.98
"1062" 1062 0 131 0 7 131 "Przeciw" 1
"1063" 1063 0 130 1 7 131 "Przeciw" 0.99
"1064" 1064 0 129 0 9 129 "Przeciw" 1
"1065" 1065 0 131 0 7 131 "Przeciw" 1
"1066" 1066 0 130 0 8 130 "Przeciw" 1
"1067" 1067 0 131 0 7 131 "Przeciw" 1
"1068" 1068 130 1 0 7 131 "Za" 0.99
"1069" 1069 0 130 0 8 130 "Przeciw" 1
"1070" 1070 2 128 0 8 130 "Przeciw" 0.98
"1071" 1071 130 1 0 7 131 "Za" 0.99
"1072" 1072 131 0 0 7 131 "Za" 1
"1073" 1073 131 0 0 7 131 "Za" 1
"1074" 1074 1 129 0 8 130 "Przeciw" 0.99
"1075" 1075 0 131 0 7 131 "Przeciw" 1
"1076" 1076 129 2 0 7 131 "Za" 0.98
"1077" 1077 129 0 0 9 129 "Za" 1
"1078" 1078 131 0 0 7 131 "Za" 1
"1079" 1079 131 0 0 7 131 "Za" 1
"1080" 1080 31 100 0 7 131 "Przeciw" 0.76
"1081" 1081 130 1 0 7 131 "Za" 0.99
"1082" 1082 131 0 0 7 131 "Za" 1
"1083" 1083 131 0 0 7 131 "Za" 1
"1084" 1084 124 0 0 14 124 "Za" 1
"1085" 1085 122 0 0 16 122 "Za" 1
"1086" 1086 123 0 0 15 123 "Za" 1
"1087" 1087 123 0 0 15 123 "Za" 1
"1088" 1088 118 0 2 18 120 "Za" 0.98
"1089" 1089 113 0 9 16 122 "Za" 0.93
"1090" 1090 130 0 0 8 130 "Za" 1
"1091" 1091 132 0 0 6 132 "Za" 1
"1092" 1092 134 0 0 4 134 "Za" 1
"1093" 1093 130 0 0 8 130 "Za" 1
"1094" 1094 134 0 0 4 134 "Za" 1
"1095" 1095 134 0 0 4 134 "Za" 1
"1096" 1096 0 134 0 4 134 "Przeciw" 1
"1097" 1097 134 0 0 4 134 "Za" 1
"1098" 1098 133 0 0 5 133 "Za" 1
"1099" 1099 133 1 0 4 134 "Za" 0.99
"1100" 1100 124 0 0 14 124 "Za" 1
"1101" 1101 134 0 0 4 134 "Za" 1
"1102" 1102 133 0 0 5 133 "Za" 1
"1103" 1103 133 0 0 5 133 "Za" 1
"1104" 1104 134 0 0 4 134 "Za" 1
"1105" 1105 133 0 0 5 133 "Za" 1
"1106" 1106 134 0 0 4 134 "Za" 1
"1107" 1107 134 0 0 4 134 "Za" 1
"1108" 1108 134 0 0 4 134 "Za" 1
"1109" 1109 131 3 0 4 134 "Za" 0.98
"1110" 1110 134 0 0 4 134 "Za" 1
"1111" 1111 4 129 0 5 133 "Przeciw" 0.97
"1112" 1112 2 132 0 4 134 "Przeciw" 0.99
"1113" 1113 133 0 0 5 133 "Za" 1
"1114" 1114 134 0 0 4 134 "Za" 1
"1115" 1115 133 0 0 5 133 "Za" 1
"1116" 1116 132 1 0 5 133 "Za" 0.99
"1117" 1117 129 3 1 5 133 "Za" 0.97
"1118" 1118 5 129 0 4 134 "Przeciw" 0.96
"1119" 1119 134 0 0 4 134 "Za" 1
"1120" 1120 131 1 0 6 132 "Za" 0.99
"1121" 1121 133 0 0 5 133 "Za" 1
"1122" 1122 132 0 0 6 132 "Za" 1
"1123" 1123 132 0 0 6 132 "Za" 1
"1124" 1124 133 0 0 5 133 "Za" 1
"1125" 1125 0 134 0 4 134 "Przeciw" 1
"1126" 1126 134 0 0 4 134 "Za" 1
"1127" 1127 0 134 0 4 134 "Przeciw" 1
"1128" 1128 132 0 0 6 132 "Za" 1
"1129" 1129 133 0 0 5 133 "Za" 1
"1130" 1130 133 0 0 5 133 "Za" 1
"1131" 1131 133 0 0 5 133 "Za" 1
"1132" 1132 133 0 0 5 133 "Za" 1
"1133" 1133 133 0 0 5 133 "Za" 1
"1134" 1134 132 0 0 6 132 "Za" 1
"1135" 1135 0 133 0 5 133 "Przeciw" 1
"1136" 1136 0 133 0 5 133 "Przeciw" 1
"1137" 1137 118 1 3 16 122 "Za" 0.97
"1138" 1138 0 125 1 12 126 "Przeciw" 0.99
"1139" 1139 0 127 1 10 128 "Przeciw" 0.99
"1140" 1140 0 124 2 12 126 "Przeciw" 0.98
"1141" 1141 1 125 2 10 128 "Przeciw" 0.98
"1142" 1142 4 124 0 10 128 "Przeciw" 0.97
"1143" 1143 124 5 0 9 129 "Za" 0.96
"1144" 1144 0 125 0 13 125 "Przeciw" 1
"1145" 1145 0 128 0 10 128 "Przeciw" 1
"1146" 1146 0 129 0 9 129 "Przeciw" 1
"1147" 1147 0 127 0 11 127 "Przeciw" 1
"1148" 1148 0 126 0 12 126 "Przeciw" 1
"1149" 1149 0 129 0 9 129 "Przeciw" 1
"1150" 1150 0 129 0 9 129 "Przeciw" 1
"1151" 1151 0 127 0 11 127 "Przeciw" 1
"1152" 1152 122 6 0 10 128 "Za" 0.95
"1153" 1153 0 129 0 9 129 "Przeciw" 1
"1154" 1154 124 5 0 9 129 "Za" 0.96
"1155" 1155 0 127 0 11 127 "Przeciw" 1
"1156" 1156 0 129 0 9 129 "Przeciw" 1
"1157" 1157 0 127 0 11 127 "Przeciw" 1
"1158" 1158 3 18 108 9 129 "Wstrzyma³ siê" 0.84
"1159" 1159 0 128 0 10 128 "Przeciw" 1
"1160" 1160 0 128 0 10 128 "Przeciw" 1
"1161" 1161 0 128 0 10 128 "Przeciw" 1
"1162" 1162 0 127 0 11 127 "Przeciw" 1
"1163" 1163 0 129 0 9 129 "Przeciw" 1
"1164" 1164 1 128 0 9 129 "Przeciw" 0.99
"1165" 1165 2 127 0 9 129 "Przeciw" 0.98
"1166" 1166 0 128 0 10 128 "Przeciw" 1
"1167" 1167 9 120 0 9 129 "Przeciw" 0.93
"1168" 1168 128 0 1 9 129 "Za" 0.99
"1169" 1169 1 126 1 10 128 "Przeciw" 0.98
"1170" 1170 29 2 93 14 124 "Wstrzyma³ siê" 0.75
"1171" 1171 42 1 85 10 128 "Wstrzyma³ siê" 0.66
"1172" 1172 127 0 0 11 127 "Za" 1
"1173" 1173 128 0 1 9 129 "Za" 0.99
"1174" 1174 125 0 1 12 126 "Za" 0.99
"1175" 1175 122 0 0 16 122 "Za" 1
"1176" 1176 128 0 0 10 128 "Za" 1
"1177" 1177 111 1 2 24 114 "Za" 0.97
"1178" 1178 125 0 2 11 127 "Za" 0.98
"1179" 1179 11 103 7 17 121 "Przeciw" 0.85
"1180" 1180 20 0 104 14 124 "Wstrzyma³ siê" 0.84
"1181" 1181 122 3 3 10 128 "Za" 0.95
"1182" 1182 126 3 0 9 129 "Za" 0.98
"1183" 1183 128 0 0 10 128 "Za" 1
"1184" 1184 123 0 0 15 123 "Za" 1
"1185" 1185 128 0 0 10 128 "Za" 1
"1186" 1186 126 0 0 12 126 "Za" 1
"1187" 1187 5 120 1 12 126 "Przeciw" 0.95
"1188" 1188 126 0 0 12 126 "Za" 1
"1189" 1189 2 0 127 9 129 "Wstrzyma³ siê" 0.98
"1190" 1190 128 0 0 10 128 "Za" 1
"1191" 1191 128 0 0 10 128 "Za" 1
"1192" 1192 124 1 0 13 125 "Za" 0.99
"1193" 1193 128 0 0 10 128 "Za" 1
"1194" 1194 127 0 0 11 127 "Za" 1
"1195" 1195 125 0 0 13 125 "Za" 1
"1196" 1196 127 0 0 11 127 "Za" 1
"1197" 1197 127 0 0 11 127 "Za" 1
"1198" 1198 130 0 0 8 130 "Za" 1
"1199" 1199 128 0 0 10 128 "Za" 1
"1200" 1200 129 0 0 9 129 "Za" 1
"1201" 1201 131 0 0 7 131 "Za" 1
"1202" 1202 131 0 0 7 131 "Za" 1
"1203" 1203 127 0 0 11 127 "Za" 1
"1204" 1204 127 0 0 11 127 "Za" 1
"1205" 1205 127 0 1 10 128 "Za" 0.99
"1206" 1206 130 0 0 8 130 "Za" 1
"1207" 1207 129 0 0 9 129 "Za" 1
"1208" 1208 129 0 0 9 129 "Za" 1
"1209" 1209 121 0 0 17 121 "Za" 1
"1210" 1210 124 0 0 14 124 "Za" 1
"1211" 1211 119 0 0 19 119 "Za" 1
"1212" 1212 118 0 0 20 118 "Za" 1
"1213" 1213 118 0 0 20 118 "Za" 1
"1214" 1214 0 122 0 16 122 "Przeciw" 1
"1215" 1215 0 127 0 11 127 "Przeciw" 1
"1216" 1216 127 0 0 11 127 "Za" 1
"1217" 1217 127 0 0 11 127 "Za" 1
"1218" 1218 125 0 0 13 125 "Za" 1
"1219" 1219 0 4 0 134 4 "Przeciw" 1
"1220" 1220 0 110 2 26 112 "Przeciw" 0.98
"1221" 1221 116 0 0 22 116 "Za" 1
"1222" 1222 117 2 0 19 119 "Za" 0.98
"1223" 1223 121 0 0 17 121 "Za" 1
"1224" 1224 122 0 0 16 122 "Za" 1
"1225" 1225 122 0 0 16 122 "Za" 1
"1226" 1226 123 0 0 15 123 "Za" 1
"1227" 1227 123 0 0 15 123 "Za" 1
"1228" 1228 121 1 1 15 123 "Za" 0.98
"1229" 1229 123 0 0 15 123 "Za" 1
"1230" 1230 124 0 0 14 124 "Za" 1
"1231" 1231 124 1 0 13 125 "Za" 0.99
"1232" 1232 124 0 0 14 124 "Za" 1
"1233" 1233 125 0 0 13 125 "Za" 1
"1234" 1234 124 1 0 13 125 "Za" 0.99
"1235" 1235 5 117 3 13 125 "Przeciw" 0.94
"1236" 1236 124 0 0 14 124 "Za" 1
"1237" 1237 125 0 0 13 125 "Za" 1
"1238" 1238 125 0 0 13 125 "Za" 1
"1239" 1239 0 125 0 13 125 "Przeciw" 1
"1240" 1240 125 0 0 13 125 "Za" 1
"1241" 1241 0 124 0 14 124 "Przeciw" 1
"1242" 1242 120 1 0 17 121 "Za" 0.99
"1243" 1243 111 3 12 12 126 "Za" 0.88
"1244" 1244 1 1 125 11 127 "Wstrzyma³ siê" 0.98
"1245" 1245 92 32 1 13 125 "Za" 0.74
"1246" 1246 0 127 0 11 127 "Przeciw" 1
"1247" 1247 1 127 0 10 128 "Przeciw" 0.99
"1248" 1248 0 128 0 10 128 "Przeciw" 1
"1249" 1249 0 126 0 12 126 "Przeciw" 1
"1250" 1250 0 127 0 11 127 "Przeciw" 1
"1251" 1251 0 128 0 10 128 "Przeciw" 1
"1252" 1252 0 128 0 10 128 "Przeciw" 1
"1253" 1253 0 127 0 11 127 "Przeciw" 1
"1254" 1254 0 127 0 11 127 "Przeciw" 1
"1255" 1255 0 128 0 10 128 "Przeciw" 1
"1256" 1256 0 128 0 10 128 "Przeciw" 1
"1257" 1257 0 128 0 10 128 "Przeciw" 1
"1258" 1258 0 127 0 11 127 "Przeciw" 1
"1259" 1259 0 127 0 11 127 "Przeciw" 1
"1260" 1260 0 128 0 10 128 "Przeciw" 1
"1261" 1261 0 127 0 11 127 "Przeciw" 1
"1262" 1262 125 0 0 13 125 "Za" 1
"1263" 1263 3 125 0 10 128 "Przeciw" 0.98
"1264" 1264 125 3 0 10 128 "Za" 0.98
"1265" 1265 0 128 0 10 128 "Przeciw" 1
"1266" 1266 125 0 0 13 125 "Za" 1
"1267" 1267 125 0 0 13 125 "Za" 1
"1268" 1268 127 0 0 11 127 "Za" 1
"1269" 1269 128 0 0 10 128 "Za" 1
"1270" 1270 129 0 0 9 129 "Za" 1
"1271" 1271 129 0 0 9 129 "Za" 1
"1272" 1272 122 4 0 12 126 "Za" 0.97
"1273" 1273 126 0 2 10 128 "Za" 0.98
"1274" 1274 126 2 0 10 128 "Za" 0.98
"1275" 1275 1 128 0 9 129 "Przeciw" 0.99
"1276" 1276 5 123 0 10 128 "Przeciw" 0.96
"1277" 1277 127 0 0 11 127 "Za" 1
"1278" 1278 130 0 0 8 130 "Za" 1
"1279" 1279 128 0 0 10 128 "Za" 1
"1280" 1280 127 3 0 8 130 "Za" 0.98
"1281" 1281 130 0 0 8 130 "Za" 1
"1282" 1282 130 0 0 8 130 "Za" 1
"1283" 1283 0 123 0 15 123 "Przeciw" 1
"1284" 1284 0 11 117 10 128 "Wstrzyma³ siê" 0.91
"1285" 1285 3 123 0 12 126 "Przeciw" 0.98
"1286" 1286 114 15 0 9 129 "Za" 0.88
"1287" 1287 127 0 1 10 128 "Za" 0.99
"1288" 1288 14 7 109 8 130 "Wstrzyma³ siê" 0.84
"1289" 1289 9 0 121 8 130 "Wstrzyma³ siê" 0.93
"1290" 1290 5 0 122 11 127 "Wstrzyma³ siê" 0.96
"1291" 1291 6 1 122 9 129 "Wstrzyma³ siê" 0.95
"1292" 1292 7 0 123 8 130 "Wstrzyma³ siê" 0.95
"1293" 1293 9 0 121 8 130 "Wstrzyma³ siê" 0.93
"1294" 1294 11 0 117 10 128 "Wstrzyma³ siê" 0.91
"1295" 1295 6 0 119 13 125 "Wstrzyma³ siê" 0.95
"1296" 1296 130 0 0 8 130 "Za" 1
"1297" 1297 129 0 0 9 129 "Za" 1
"1298" 1298 131 0 0 7 131 "Za" 1
"1299" 1299 0 14 117 7 131 "Wstrzyma³ siê" 0.89
"1300" 1300 132 0 0 6 132 "Za" 1
"1301" 1301 120 12 0 6 132 "Za" 0.91
"1302" 1302 0 131 0 7 131 "Przeciw" 1
"1303" 1303 0 131 1 6 132 "Przeciw" 0.99
"1304" 1304 132 0 0 6 132 "Za" 1
"1305" 1305 130 1 1 6 132 "Za" 0.98
"1306" 1306 132 0 0 6 132 "Za" 1
"1307" 1307 0 132 0 6 132 "Przeciw" 1
"1308" 1308 131 0 0 7 131 "Za" 1
"1309" 1309 132 0 0 6 132 "Za" 1
"1310" 1310 0 131 0 7 131 "Przeciw" 1
"1311" 1311 114 0 1 23 115 "Za" 0.99
"1312" 1312 115 0 0 23 115 "Za" 1
"1313" 1313 0 115 0 23 115 "Przeciw" 1
"1314" 1314 98 1 9 30 108 "Za" 0.91
"1315" 1315 0 109 0 29 109 "Przeciw" 1
"1316" 1316 0 113 0 25 113 "Przeciw" 1
"1317" 1317 0 115 0 23 115 "Przeciw" 1
"1318" 1318 0 117 0 21 117 "Przeciw" 1
"1319" 1319 0 118 1 19 119 "Przeciw" 0.99
"1320" 1320 118 0 0 20 118 "Za" 1
"1321" 1321 0 125 0 13 125 "Przeciw" 1
"1322" 1322 0 125 0 13 125 "Przeciw" 1
"1323" 1323 121 5 0 12 126 "Za" 0.96
"1324" 1324 0 123 0 15 123 "Przeciw" 1
"1325" 1325 1 125 0 12 126 "Przeciw" 0.99
"1326" 1326 0 126 0 12 126 "Przeciw" 1
"1327" 1327 0 125 0 13 125 "Przeciw" 1
"1328" 1328 0 126 0 12 126 "Przeciw" 1
"1329" 1329 0 126 0 12 126 "Przeciw" 1
"1330" 1330 0 126 0 12 126 "Przeciw" 1
"1331" 1331 0 125 0 13 125 "Przeciw" 1
"1332" 1332 0 126 0 12 126 "Przeciw" 1
"1333" 1333 1 125 0 12 126 "Przeciw" 0.99
"1334" 1334 1 122 0 15 123 "Przeciw" 0.99
"1335" 1335 125 0 0 13 125 "Za" 1
"1336" 1336 117 7 0 14 124 "Za" 0.94
"1337" 1337 0 123 0 15 123 "Przeciw" 1
"1338" 1338 1 123 0 14 124 "Przeciw" 0.99
"1339" 1339 1 125 0 12 126 "Przeciw" 0.99
"1340" 1340 0 126 0 12 126 "Przeciw" 1
"1341" 1341 0 126 0 12 126 "Przeciw" 1
"1342" 1342 0 126 0 12 126 "Przeciw" 1
"1343" 1343 122 2 0 14 124 "Za" 0.98
"1344" 1344 125 1 0 12 126 "Za" 0.99
"1345" 1345 121 4 0 13 125 "Za" 0.97
"1346" 1346 2 121 0 15 123 "Przeciw" 0.98
"1347" 1347 0 123 0 15 123 "Przeciw" 1
"1348" 1348 0 123 0 15 123 "Przeciw" 1
"1349" 1349 0 121 0 17 121 "Przeciw" 1
"1350" 1350 8 116 0 14 124 "Przeciw" 0.94
"1351" 1351 0 125 0 13 125 "Przeciw" 1
"1352" 1352 126 0 0 12 126 "Za" 1
"1353" 1353 127 0 0 11 127 "Za" 1
"1354" 1354 127 0 0 11 127 "Za" 1
"1355" 1355 126 0 0 12 126 "Za" 1
"1356" 1356 126 1 0 11 127 "Za" 0.99
"1357" 1357 125 0 0 13 125 "Za" 1
"1358" 1358 7 0 118 13 125 "Wstrzyma³ siê" 0.94
"1359" 1359 123 0 0 15 123 "Za" 1
"1360" 1360 126 0 0 12 126 "Za" 1
"1361" 1361 0 129 0 9 129 "Przeciw" 1
"1362" 1362 130 0 0 8 130 "Za" 1
"1363" 1363 128 1 0 9 129 "Za" 0.99
"1364" 1364 130 0 0 8 130 "Za" 1
"1365" 1365 129 0 0 9 129 "Za" 1
"1366" 1366 130 0 0 8 130 "Za" 1
"1367" 1367 130 0 0 8 130 "Za" 1
"1368" 1368 127 0 2 9 129 "Za" 0.98
"1369" 1369 130 0 0 8 130 "Za" 1
"1370" 1370 129 0 0 9 129 "Za" 1
"1371" 1371 124 2 0 12 126 "Za" 0.98
"1372" 1372 122 0 0 16 122 "Za" 1
"1373" 1373 127 0 0 11 127 "Za" 1
"1374" 1374 128 0 0 10 128 "Za" 1
"1375" 1375 127 0 0 11 127 "Za" 1
"1376" 1376 128 0 0 10 128 "Za" 1
"1377" 1377 126 1 0 11 127 "Za" 0.99
"1378" 1378 122 0 0 16 122 "Za" 1
"1379" 1379 124 0 0 14 124 "Za" 1
"1380" 1380 122 0 0 16 122 "Za" 1
"1381" 1381 124 0 0 14 124 "Za" 1
"1382" 1382 124 0 0 14 124 "Za" 1
"1383" 1383 128 0 1 9 129 "Za" 0.99
"1384" 1384 130 0 0 8 130 "Za" 1
"1385" 1385 129 0 0 9 129 "Za" 1
"1386" 1386 128 0 0 10 128 "Za" 1
"1387" 1387 131 0 0 7 131 "Za" 1
"1388" 1388 127 0 0 11 127 "Za" 1
"1389" 1389 129 0 0 9 129 "Za" 1
"1390" 1390 122 0 0 16 122 "Za" 1
"1391" 1391 123 1 0 14 124 "Za" 0.99
"1392" 1392 116 0 0 22 116 "Za" 1
"1393" 1393 121 0 0 17 121 "Za" 1
"1394" 1394 11 109 0 18 120 "Przeciw" 0.91
"1395" 1395 126 0 0 12 126 "Za" 1
"1396" 1396 120 1 0 17 121 "Za" 0.99
"1397" 1397 127 0 0 11 127 "Za" 1
"1398" 1398 118 1 0 19 119 "Za" 0.99
"1399" 1399 117 0 0 21 117 "Za" 1
"1400" 1400 0 131 0 7 131 "Przeciw" 1
"1401" 1401 129 0 0 9 129 "Za" 1
"1402" 1402 6 121 0 11 127 "Przeciw" 0.95
"1403" 1403 130 0 0 8 130 "Za" 1
"1404" 1404 0 132 0 6 132 "Przeciw" 1
"1405" 1405 0 132 0 6 132 "Przeciw" 1
"1406" 1406 6 126 0 6 132 "Przeciw" 0.95
"1407" 1407 132 0 0 6 132 "Za" 1
"1408" 1408 129 0 0 9 129 "Za" 1
"1409" 1409 130 0 0 8 130 "Za" 1
"1410" 1410 0 131 0 7 131 "Przeciw" 1
"1411" 1411 0 132 0 6 132 "Przeciw" 1
"1412" 1412 0 132 0 6 132 "Przeciw" 1
"1413" 1413 1 130 0 7 131 "Przeciw" 0.99
"1414" 1414 131 0 0 7 131 "Za" 1
"1415" 1415 0 132 0 6 132 "Przeciw" 1
"1416" 1416 2 128 0 8 130 "Przeciw" 0.98
"1417" 1417 12 117 0 9 129 "Przeciw" 0.91
"1418" 1418 121 9 0 8 130 "Za" 0.93
"1419" 1419 130 0 0 8 130 "Za" 1
"1420" 1420 132 0 0 6 132 "Za" 1
"1421" 1421 131 0 0 7 131 "Za" 1
"1422" 1422 130 1 0 7 131 "Za" 0.99
"1423" 1423 132 0 0 6 132 "Za" 1
"1424" 1424 131 0 0 7 131 "Za" 1
"1425" 1425 1 130 0 7 131 "Przeciw" 0.99
"1426" 1426 130 0 0 8 130 "Za" 1
"1427" 1427 122 5 0 11 127 "Za" 0.96
"1428" 1428 0 132 0 6 132 "Przeciw" 1
"1429" 1429 131 0 0 7 131 "Za" 1
"1430" 1430 1 124 6 7 131 "Przeciw" 0.95
"1431" 1431 0 126 0 12 126 "Przeciw" 1
"1432" 1432 126 0 0 12 126 "Za" 1
"1433" 1433 127 1 2 8 130 "Za" 0.98
"1434" 1434 120 8 2 8 130 "Za" 0.92
"1435" 1435 0 131 0 7 131 "Przeciw" 1
"1436" 1436 131 0 0 7 131 "Za" 1
"1437" 1437 130 0 0 8 130 "Za" 1
"1438" 1438 129 0 0 9 129 "Za" 1
"1439" 1439 130 0 0 8 130 "Za" 1
"1440" 1440 129 0 0 9 129 "Za" 1
"1441" 1441 131 0 0 7 131 "Za" 1
"1442" 1442 131 0 0 7 131 "Za" 1
"1443" 1443 131 0 0 7 131 "Za" 1
"1444" 1444 128 2 0 8 130 "Za" 0.98
"1445" 1445 131 0 0 7 131 "Za" 1
"1446" 1446 130 0 0 8 130 "Za" 1
"1447" 1447 130 0 0 8 130 "Za" 1
"1448" 1448 129 2 0 7 131 "Za" 0.98
"1449" 1449 130 1 0 7 131 "Za" 0.99
"1450" 1450 0 130 0 8 130 "Przeciw" 1
"1451" 1451 1 129 0 8 130 "Przeciw" 0.99
"1452" 1452 0 130 0 8 130 "Przeciw" 1
"1453" 1453 0 55 68 15 123 "Wstrzyma³ siê" 0.55
"1454" 1454 1 126 0 11 127 "Przeciw" 0.99
"1455" 1455 126 0 0 12 126 "Za" 1
"1456" 1456 127 0 0 11 127 "Za" 1
"1457" 1457 0 126 1 11 127 "Przeciw" 0.99
"1458" 1458 0 126 0 12 126 "Przeciw" 1
"1459" 1459 0 127 0 11 127 "Przeciw" 1
"1460" 1460 0 126 0 12 126 "Przeciw" 1
"1461" 1461 125 0 0 13 125 "Za" 1
"1462" 1462 125 0 0 13 125 "Za" 1
"1463" 1463 124 0 1 13 125 "Za" 0.99
"1464" 1464 0 124 1 12 125 "Przeciw" 0.99
"1465" 1465 128 0 0 9 128 "Za" 1
"1466" 1466 0 128 0 9 128 "Przeciw" 1
"1467" 1467 0 128 0 9 128 "Przeciw" 1
"1468" 1468 127 0 0 10 127 "Za" 1
"1469" 1469 127 0 0 10 127 "Za" 1
"1470" 1470 0 127 0 10 127 "Przeciw" 1
"1471" 1471 2 123 0 12 125 "Przeciw" 0.98
"1472" 1472 125 0 2 10 127 "Za" 0.98
"1473" 1473 0 126 0 11 126 "Przeciw" 1
"1474" 1474 128 0 0 9 128 "Za" 1
"1475" 1475 0 128 0 9 128 "Przeciw" 1
"1476" 1476 128 0 0 9 128 "Za" 1
"1477" 1477 128 0 0 9 128 "Za" 1
"1478" 1478 127 0 0 10 127 "Za" 1
"1479" 1479 128 0 0 9 128 "Za" 1
"1480" 1480 127 1 0 9 128 "Za" 0.99
"1481" 1481 127 0 0 10 127 "Za" 1
"1482" 1482 124 1 0 12 125 "Za" 0.99
"1483" 1483 1 127 0 9 128 "Przeciw" 0.99
"1484" 1484 127 0 0 10 127 "Za" 1
"1485" 1485 123 3 0 11 126 "Za" 0.98
"1486" 1486 3 124 0 10 127 "Przeciw" 0.98
"1487" 1487 126 0 0 11 126 "Za" 1
"1488" 1488 126 0 0 11 126 "Za" 1
"1489" 1489 125 1 0 11 126 "Za" 0.99
"1490" 1490 105 16 1 15 122 "Za" 0.86
"1491" 1491 103 23 0 11 126 "Za" 0.82
"1492" 1492 119 2 1 15 122 "Za" 0.98
"1493" 1493 123 0 1 13 124 "Za" 0.99
"1494" 1494 124 0 0 13 124 "Za" 1
"1495" 1495 126 0 0 11 126 "Za" 1
"1496" 1496 2 125 2 8 129 "Przeciw" 0.97
"1497" 1497 1 128 0 8 129 "Przeciw" 0.99
"1498" 1498 0 128 0 9 128 "Przeciw" 1
"1499" 1499 0 126 0 11 126 "Przeciw" 1
"1500" 1500 0 126 0 11 126 "Przeciw" 1
"1501" 1501 0 126 0 11 126 "Przeciw" 1
"1502" 1502 1 126 0 10 127 "Przeciw" 0.99
"1503" 1503 126 3 0 8 129 "Za" 0.98
"1504" 1504 0 127 0 10 127 "Przeciw" 1
"1505" 1505 0 128 0 9 128 "Przeciw" 1
"1506" 1506 0 125 0 12 125 "Przeciw" 1
"1507" 1507 0 128 0 9 128 "Przeciw" 1
"1508" 1508 0 125 0 12 125 "Przeciw" 1
"1509" 1509 0 128 0 9 128 "Przeciw" 1
"1510" 1510 2 125 0 10 127 "Przeciw" 0.98
"1511" 1511 0 127 0 10 127 "Przeciw" 1
"1512" 1512 0 127 0 10 127 "Przeciw" 1
"1513" 1513 0 127 0 10 127 "Przeciw" 1
"1514" 1514 2 4 113 18 119 "Wstrzyma³ siê" 0.95
"1515" 1515 1 128 0 8 129 "Przeciw" 0.99
"1516" 1516 0 130 0 7 130 "Przeciw" 1
"1517" 1517 0 127 0 10 127 "Przeciw" 1
"1518" 1518 0 129 0 8 129 "Przeciw" 1
"1519" 1519 0 130 0 7 130 "Przeciw" 1
"1520" 1520 0 119 0 18 119 "Przeciw" 1
"1521" 1521 0 128 0 9 128 "Przeciw" 1
"1522" 1522 127 2 0 8 129 "Za" 0.98
"1523" 1523 3 126 0 8 129 "Przeciw" 0.98
"1524" 1524 0 129 0 8 129 "Przeciw" 1
"1525" 1525 0 129 0 8 129 "Przeciw" 1
"1526" 1526 0 127 0 10 127 "Przeciw" 1
"1527" 1527 0 126 0 11 126 "Przeciw" 1
"1528" 1528 0 129 0 8 129 "Przeciw" 1
"1529" 1529 0 127 0 10 127 "Przeciw" 1
"1530" 1530 106 24 0 7 130 "Za" 0.82
"1531" 1531 0 129 0 8 129 "Przeciw" 1
"1532" 1532 1 127 0 9 128 "Przeciw" 0.99
"1533" 1533 0 125 0 12 125 "Przeciw" 1
"1534" 1534 125 4 0 8 129 "Za" 0.97
"1535" 1535 0 127 0 10 127 "Przeciw" 1
"1536" 1536 0 128 0 9 128 "Przeciw" 1
"1537" 1537 0 128 0 9 128 "Przeciw" 1
"1538" 1538 0 127 0 10 127 "Przeciw" 1
"1539" 1539 124 4 0 9 128 "Za" 0.97
"1540" 1540 0 130 0 7 130 "Przeciw" 1
"1541" 1541 0 129 0 8 129 "Przeciw" 1
"1542" 1542 0 130 0 7 130 "Przeciw" 1
"1543" 1543 0 130 0 7 130 "Przeciw" 1
"1544" 1544 0 128 0 9 128 "Przeciw" 1
"1545" 1545 0 125 0 12 125 "Przeciw" 1
"1546" 1546 0 129 0 8 129 "Przeciw" 1
"1547" 1547 0 129 0 8 129 "Przeciw" 1
"1548" 1548 0 128 0 9 128 "Przeciw" 1
"1549" 1549 0 129 0 8 129 "Przeciw" 1
"1550" 1550 1 129 0 7 130 "Przeciw" 0.99
"1551" 1551 0 130 0 7 130 "Przeciw" 1
"1552" 1552 0 130 0 7 130 "Przeciw" 1
"1553" 1553 1 128 0 8 129 "Przeciw" 0.99
"1554" 1554 130 0 0 7 130 "Za" 1
"1555" 1555 0 130 0 7 130 "Przeciw" 1
"1556" 1556 0 129 0 8 129 "Przeciw" 1
"1557" 1557 0 130 0 7 130 "Przeciw" 1
"1558" 1558 0 129 0 8 129 "Przeciw" 1
"1559" 1559 0 130 0 7 130 "Przeciw" 1
"1560" 1560 0 130 0 7 130 "Przeciw" 1
"1561" 1561 1 126 0 10 127 "Przeciw" 0.99
"1562" 1562 6 124 0 7 130 "Przeciw" 0.95
"1563" 1563 0 130 0 7 130 "Przeciw" 1
"1564" 1564 0 130 0 7 130 "Przeciw" 1
"1565" 1565 0 128 0 9 128 "Przeciw" 1
"1566" 1566 0 128 0 9 128 "Przeciw" 1
"1567" 1567 0 130 0 7 130 "Przeciw" 1
"1568" 1568 0 129 0 8 129 "Przeciw" 1
"1569" 1569 0 130 0 7 130 "Przeciw" 1
"1570" 1570 126 3 0 8 129 "Za" 0.98
"1571" 1571 1 129 0 7 130 "Przeciw" 0.99
"1572" 1572 128 2 0 7 130 "Za" 0.98
"1573" 1573 0 129 0 8 129 "Przeciw" 1
"1574" 1574 0 129 0 8 129 "Przeciw" 1
"1575" 1575 0 127 0 10 127 "Przeciw" 1
"1576" 1576 0 129 0 8 129 "Przeciw" 1
"1577" 1577 0 128 0 9 128 "Przeciw" 1
"1578" 1578 0 130 0 7 130 "Przeciw" 1
"1579" 1579 0 129 0 8 129 "Przeciw" 1
"1580" 1580 0 130 0 7 130 "Przeciw" 1
"1581" 1581 0 129 0 8 129 "Przeciw" 1
"1582" 1582 0 129 0 8 129 "Przeciw" 1
"1583" 1583 0 129 0 8 129 "Przeciw" 1
"1584" 1584 1 128 0 8 129 "Przeciw" 0.99
"1585" 1585 125 0 0 12 125 "Za" 1
"1586" 1586 122 4 0 11 126 "Za" 0.97
"1587" 1587 126 0 2 9 128 "Za" 0.98
"1588" 1588 2 1 5 129 8 "Wstrzyma³ siê" 0.62
"1589" 1589 127 0 1 9 128 "Za" 0.99
"1590" 1590 129 0 0 8 129 "Za" 1
"1591" 1591 129 0 0 8 129 "Za" 1
"1592" 1592 128 0 0 9 128 "Za" 1
"1593" 1593 129 0 0 8 129 "Za" 1
"1594" 1594 127 1 0 9 128 "Za" 0.99
"1595" 1595 128 0 0 9 128 "Za" 1
"1596" 1596 127 0 0 10 127 "Za" 1
"1597" 1597 128 0 0 9 128 "Za" 1
"1598" 1598 0 128 0 9 128 "Przeciw" 1
"1599" 1599 121 1 0 15 122 "Za" 0.99
"1600" 1600 128 0 0 9 128 "Za" 1
"1601" 1601 128 0 0 9 128 "Za" 1
"1602" 1602 122 7 0 8 129 "Za" 0.95
"1603" 1603 128 0 0 9 128 "Za" 1
"1604" 1604 0 129 0 8 129 "Przeciw" 1
"1605" 1605 0 129 0 8 129 "Przeciw" 1
"1606" 1606 126 3 0 8 129 "Za" 0.98
"1607" 1607 2 127 0 8 129 "Przeciw" 0.98
"1608" 1608 3 126 0 8 129 "Przeciw" 0.98
"1609" 1609 127 0 0 10 127 "Za" 1
"1610" 1610 127 2 0 8 129 "Za" 0.98
"1611" 1611 3 126 0 8 129 "Przeciw" 0.98
"1612" 1612 125 4 0 8 129 "Za" 0.97
"1613" 1613 9 120 0 8 129 "Przeciw" 0.93
"1614" 1614 128 0 0 9 128 "Za" 1
"1615" 1615 126 3 0 8 129 "Za" 0.98
"1616" 1616 112 0 1 24 113 "Za" 0.99
"1617" 1617 4 109 4 20 117 "Przeciw" 0.93
"1618" 1618 2 113 6 16 121 "Przeciw" 0.93
"1619" 1619 0 128 0 9 128 "Przeciw" 1
"1620" 1620 125 1 0 11 126 "Za" 0.99
"1621" 1621 128 0 0 9 128 "Za" 1
"1622" 1622 6 120 0 11 126 "Przeciw" 0.95
"1623" 1623 128 0 0 9 128 "Za" 1
"1624" 1624 14 107 3 13 124 "Przeciw" 0.86
"1625" 1625 125 0 0 12 125 "Za" 1
"1626" 1626 128 0 0 9 128 "Za" 1
"1627" 1627 126 0 0 11 126 "Za" 1
"1628" 1628 129 0 0 8 129 "Za" 1
"1629" 1629 125 0 0 12 125 "Za" 1
"1630" 1630 127 0 0 10 127 "Za" 1
"1631" 1631 127 0 0 10 127 "Za" 1
"1632" 1632 128 0 0 9 128 "Za" 1
"1633" 1633 126 0 0 11 126 "Za" 1
"1634" 1634 127 0 0 10 127 "Za" 1
"1635" 1635 126 0 0 11 126 "Za" 1
"1636" 1636 127 0 0 10 127 "Za" 1
"1637" 1637 130 0 0 7 130 "Za" 1
"1638" 1638 130 0 0 7 130 "Za" 1
"1639" 1639 131 0 0 6 131 "Za" 1
"1640" 1640 129 0 0 8 129 "Za" 1
"1641" 1641 131 0 0 6 131 "Za" 1
"1642" 1642 129 1 0 7 130 "Za" 0.99
"1643" 1643 129 0 0 8 129 "Za" 1
"1644" 1644 130 0 0 7 130 "Za" 1
"1645" 1645 131 0 0 6 131 "Za" 1
"1646" 1646 130 0 0 7 130 "Za" 1
"1647" 1647 130 0 0 7 130 "Za" 1
"1648" 1648 129 0 0 8 129 "Za" 1
"1649" 1649 127 1 0 9 128 "Za" 0.99
"1650" 1650 131 0 0 6 131 "Za" 1
"1651" 1651 130 0 0 7 130 "Za" 1
"1652" 1652 128 0 0 9 128 "Za" 1
"1653" 1653 129 0 0 8 129 "Za" 1
"1654" 1654 130 0 0 7 130 "Za" 1
"1655" 1655 108 15 0 14 123 "Za" 0.88
"1656" 1656 126 2 0 9 128 "Za" 0.98
"1657" 1657 120 0 0 17 120 "Za" 1
"1658" 1658 0 132 0 5 132 "Przeciw" 1
"1659" 1659 0 132 0 5 132 "Przeciw" 1
"1660" 1660 9 119 0 9 128 "Przeciw" 0.93
"1661" 1661 132 0 0 5 132 "Za" 1
"1662" 1662 129 0 0 8 129 "Za" 1
"1663" 1663 132 0 0 5 132 "Za" 1
"1664" 1664 130 0 0 7 130 "Za" 1
"1665" 1665 125 2 2 8 129 "Za" 0.97
"1666" 1666 2 128 0 7 130 "Przeciw" 0.98
"1667" 1667 3 126 1 7 130 "Przeciw" 0.97
"1668" 1668 1 131 0 5 132 "Przeciw" 0.99
"1669" 1669 131 0 0 6 131 "Za" 1
"1670" 1670 131 0 0 6 131 "Za" 1
"1671" 1671 132 0 0 5 132 "Za" 1
"1672" 1672 1 130 0 6 131 "Przeciw" 0.99
"1673" 1673 129 2 0 6 131 "Za" 0.98
"1674" 1674 1 131 0 5 132 "Przeciw" 0.99
"1675" 1675 132 0 0 5 132 "Za" 1
"1676" 1676 130 0 0 7 130 "Za" 1
"1677" 1677 130 0 0 7 130 "Za" 1
"1678" 1678 127 0 0 10 127 "Za" 1
"1679" 1679 126 0 0 11 126 "Za" 1
"1680" 1680 129 0 0 8 129 "Za" 1
"1681" 1681 128 0 0 9 128 "Za" 1
"1682" 1682 128 3 0 6 131 "Za" 0.98
"1683" 1683 125 0 2 10 127 "Za" 0.98
"1684" 1684 123 0 2 12 125 "Za" 0.98
"1685" 1685 125 2 0 10 127 "Za" 0.98
"1686" 1686 127 2 0 8 129 "Za" 0.98
"1687" 1687 0 132 0 5 132 "Przeciw" 1
"1688" 1688 133 0 0 4 133 "Za" 1
"1689" 1689 129 2 0 6 131 "Za" 0.98
"1690" 1690 131 2 0 4 133 "Za" 0.98
"1691" 1691 131 1 0 5 132 "Za" 0.99
"1692" 1692 0 131 0 6 131 "Przeciw" 1
"1693" 1693 131 2 0 4 133 "Za" 0.98
"1694" 1694 133 0 0 4 133 "Za" 1
"1695" 1695 129 3 0 5 132 "Za" 0.98
"1696" 1696 133 0 0 4 133 "Za" 1
"1697" 1697 133 0 0 4 133 "Za" 1
"1698" 1698 133 0 0 4 133 "Za" 1
"1699" 1699 132 0 0 5 132 "Za" 1
"1700" 1700 129 2 1 5 132 "Za" 0.98
"1701" 1701 2 130 0 5 132 "Przeciw" 0.98
"1702" 1702 1 127 3 6 131 "Przeciw" 0.97
"1703" 1703 3 129 0 5 132 "Przeciw" 0.98
"1704" 1704 4 127 1 5 132 "Przeciw" 0.96
"1705" 1705 1 131 0 5 132 "Przeciw" 0.99
"1706" 1706 0 132 0 5 132 "Przeciw" 1
"1707" 1707 1 0 131 5 132 "Wstrzyma³ siê" 0.99
"1708" 1708 1 0 130 6 131 "Wstrzyma³ siê" 0.99
"1709" 1709 6 1 124 6 131 "Wstrzyma³ siê" 0.95
"1710" 1710 131 0 0 6 131 "Za" 1
"1711" 1711 130 1 0 6 131 "Za" 0.99
"1712" 1712 131 0 0 6 131 "Za" 1
"1713" 1713 130 1 0 6 131 "Za" 0.99
"1714" 1714 130 1 0 6 131 "Za" 0.99
"1715" 1715 0 130 0 7 130 "Przeciw" 1
"1716" 1716 0 131 0 6 131 "Przeciw" 1
"1717" 1717 0 130 0 7 130 "Przeciw" 1
"1718" 1718 128 0 0 9 128 "Za" 1
"1719" 1719 128 0 0 9 128 "Za" 1
"1720" 1720 124 0 0 13 124 "Za" 1
"1721" 1721 0 124 0 13 124 "Przeciw" 1
"1722" 1722 122 0 0 15 122 "Za" 1
"1723" 1723 118 1 4 11 123 "Za" 0.96
"1724" 1724 1 125 0 8 126 "Przeciw" 0.99
"1725" 1725 0 125 1 8 126 "Przeciw" 0.99
"1726" 1726 0 126 1 7 127 "Przeciw" 0.99
"1727" 1727 0 123 0 11 123 "Przeciw" 1
"1728" 1728 122 1 0 11 123 "Za" 0.99
"1729" 1729 120 1 0 13 121 "Za" 0.99
"1730" 1730 0 122 0 12 122 "Przeciw" 1
"1731" 1731 112 0 2 20 114 "Za" 0.98
"1732" 1732 125 2 2 5 129 "Za" 0.97
"1733" 1733 127 0 0 7 127 "Za" 1
"1734" 1734 20 109 0 5 129 "Przeciw" 0.84
"1735" 1735 0 127 0 7 127 "Przeciw" 1
"1736" 1736 0 127 1 6 128 "Przeciw" 0.99
"1737" 1737 0 126 1 7 127 "Przeciw" 0.99
"1738" 1738 0 126 0 8 126 "Przeciw" 1
"1739" 1739 0 127 0 7 127 "Przeciw" 1
"1740" 1740 0 127 0 7 127 "Przeciw" 1
"1741" 1741 1 127 0 6 128 "Przeciw" 0.99
"1742" 1742 0 124 0 10 124 "Przeciw" 1
"1743" 1743 0 124 1 9 125 "Przeciw" 0.99
"1744" 1744 0 129 0 5 129 "Przeciw" 1
"1745" 1745 0 129 0 5 129 "Przeciw" 1
"1746" 1746 0 127 0 7 127 "Przeciw" 1
"1747" 1747 125 5 0 4 130 "Za" 0.96
"1748" 1748 1 129 0 4 130 "Przeciw" 0.99
"1749" 1749 0 127 0 7 127 "Przeciw" 1
"1750" 1750 0 130 0 4 130 "Przeciw" 1
"1751" 1751 0 33 95 6 128 "Wstrzyma³ siê" 0.74
"1752" 1752 0 127 0 7 127 "Przeciw" 1
"1753" 1753 0 124 0 10 124 "Przeciw" 1
"1754" 1754 0 128 0 6 128 "Przeciw" 1
"1755" 1755 0 129 0 5 129 "Przeciw" 1
"1756" 1756 0 128 0 6 128 "Przeciw" 1
"1757" 1757 0 127 1 6 128 "Przeciw" 0.99
"1758" 1758 1 24 103 6 128 "Wstrzyma³ siê" 0.8
"1759" 1759 0 128 0 6 128 "Przeciw" 1
"1760" 1760 6 120 0 8 126 "Przeciw" 0.95
"1761" 1761 122 3 0 9 125 "Za" 0.98
"1762" 1762 125 1 2 6 128 "Za" 0.98
"1763" 1763 127 1 1 5 129 "Za" 0.98
"1764" 1764 130 0 0 4 130 "Za" 1
"1765" 1765 125 0 0 9 125 "Za" 1
"1766" 1766 129 0 0 5 129 "Za" 1
"1767" 1767 127 0 0 7 127 "Za" 1
"1768" 1768 122 2 0 10 124 "Za" 0.98
"1769" 1769 123 0 0 11 123 "Za" 1
"1770" 1770 0 129 0 5 129 "Przeciw" 1
"1771" 1771 12 5 102 15 119 "Wstrzyma³ siê" 0.86
"1772" 1772 126 0 0 8 126 "Za" 1
"1773" 1773 124 1 0 9 125 "Za" 0.99
"1774" 1774 1 122 0 11 123 "Przeciw" 0.99
"1775" 1775 126 0 3 5 129 "Za" 0.98
"1776" 1776 1 124 5 4 130 "Przeciw" 0.95
"1777" 1777 126 2 2 4 130 "Za" 0.97
"1778" 1778 130 0 0 4 130 "Za" 1
"1779" 1779 1 127 1 5 129 "Przeciw" 0.98
"1780" 1780 130 0 0 4 130 "Za" 1
"1781" 1781 130 0 0 4 130 "Za" 1
"1782" 1782 126 1 0 7 127 "Za" 0.99
"1783" 1783 130 0 0 4 130 "Za" 1
"1784" 1784 128 0 0 6 128 "Za" 1
"1785" 1785 3 127 0 4 130 "Przeciw" 0.98
"1786" 1786 118 11 0 5 129 "Za" 0.91
"1787" 1787 126 1 0 7 127 "Za" 0.99
"1788" 1788 129 0 0 5 129 "Za" 1
"1789" 1789 128 0 0 6 128 "Za" 1
"1790" 1790 126 0 2 6 128 "Za" 0.98
"1791" 1791 130 0 0 4 130 "Za" 1
"1792" 1792 126 0 0 8 126 "Za" 1
"1793" 1793 129 0 0 5 129 "Za" 1
"1794" 1794 126 1 2 5 129 "Za" 0.98
"1795" 1795 0 125 0 9 125 "Przeciw" 1
"1796" 1796 0 124 0 10 124 "Przeciw" 1
"1797" 1797 125 0 0 9 125 "Za" 1
"1798" 1798 1 120 0 13 121 "Przeciw" 0.99
"1799" 1799 122 0 0 12 122 "Za" 1
"1800" 1800 122 0 0 12 122 "Za" 1
"1801" 1801 0 1 121 12 122 "Wstrzyma³ siê" 0.99
"1802" 1802 121 0 0 13 121 "Za" 1
"1803" 1803 120 1 0 13 121 "Za" 0.99
"1804" 1804 129 1 3 4 133 "Za" 0.97
"1805" 1805 133 0 1 3 134 "Za" 0.99
"1806" 1806 134 0 0 3 134 "Za" 1
"1807" 1807 133 0 0 4 133 "Za" 1
"1808" 1808 134 0 0 3 134 "Za" 1
"1809" 1809 134 0 0 3 134 "Za" 1
"1810" 1810 133 1 0 3 134 "Za" 0.99
"1811" 1811 133 1 0 3 134 "Za" 0.99
"1812" 1812 133 0 0 4 133 "Za" 1
"1813" 1813 2 131 0 4 133 "Przeciw" 0.98
"1814" 1814 0 133 0 4 133 "Przeciw" 1
"1815" 1815 0 132 0 5 132 "Przeciw" 1
"1816" 1816 0 133 0 4 133 "Przeciw" 1
"1817" 1817 2 131 0 4 133 "Przeciw" 0.98
"1818" 1818 127 2 0 8 129 "Za" 0.98
"1819" 1819 0 133 0 4 133 "Przeciw" 1
"1820" 1820 131 1 0 5 132 "Za" 0.99
"1821" 1821 8 124 0 5 132 "Przeciw" 0.94
"1822" 1822 132 0 0 5 132 "Za" 1
"1823" 1823 133 0 0 4 133 "Za" 1
"1824" 1824 131 0 0 6 131 "Za" 1
"1825" 1825 0 133 0 4 133 "Przeciw" 1
"1826" 1826 4 129 0 4 133 "Przeciw" 0.97
"1827" 1827 132 1 0 4 133 "Za" 0.99
"1828" 1828 126 5 0 6 131 "Za" 0.96
"1829" 1829 0 132 0 5 132 "Przeciw" 1
"1830" 1830 0 133 0 4 133 "Przeciw" 1
"1831" 1831 1 132 0 4 133 "Przeciw" 0.99
"1832" 1832 132 0 0 5 132 "Za" 1
"1833" 1833 131 0 1 5 132 "Za" 0.99
"1834" 1834 0 129 3 5 132 "Przeciw" 0.98
"1835" 1835 120 0 4 10 124 "Za" 0.97
"1836" 1836 126 0 0 8 126 "Za" 1
"1837" 1837 126 0 0 8 126 "Za" 1
"1838" 1838 116 11 0 7 127 "Za" 0.91
"1839" 1839 0 127 0 7 127 "Przeciw" 1
"1840" 1840 0 127 0 7 127 "Przeciw" 1
"1841" 1841 0 126 0 8 126 "Przeciw" 1
"1842" 1842 0 126 0 8 126 "Przeciw" 1
"1843" 1843 0 126 0 8 126 "Przeciw" 1
"1844" 1844 0 127 0 7 127 "Przeciw" 1
"1845" 1845 0 127 0 7 127 "Przeciw" 1
"1846" 1846 0 126 0 8 126 "Przeciw" 1
"1847" 1847 0 126 0 8 126 "Przeciw" 1
"1848" 1848 0 126 0 8 126 "Przeciw" 1
"1849" 1849 1 126 0 7 127 "Przeciw" 0.99
"1850" 1850 1 121 0 12 122 "Przeciw" 0.99
"1851" 1851 0 126 0 8 126 "Przeciw" 1
"1852" 1852 0 127 0 7 127 "Przeciw" 1
"1853" 1853 8 119 0 7 127 "Przeciw" 0.94
"1854" 1854 125 0 0 9 125 "Za" 1
"1855" 1855 127 0 0 7 127 "Za" 1
"1856" 1856 126 0 0 8 126 "Za" 1
"1857" 1857 126 0 0 8 126 "Za" 1
"1858" 1858 126 0 0 8 126 "Za" 1
"1859" 1859 125 0 0 9 125 "Za" 1
"1860" 1860 125 0 0 9 125 "Za" 1
"1861" 1861 126 0 0 8 126 "Za" 1
"1862" 1862 125 0 0 9 125 "Za" 1
"1863" 1863 124 0 0 10 124 "Za" 1
"1864" 1864 123 0 0 11 123 "Za" 1
"1865" 1865 126 0 0 8 126 "Za" 1
"1866" 1866 126 0 0 8 126 "Za" 1
"1867" 1867 126 0 0 8 126 "Za" 1
"1868" 1868 126 0 0 8 126 "Za" 1
"1869" 1869 121 0 0 13 121 "Za" 1
"1870" 1870 124 0 0 10 124 "Za" 1
"1871" 1871 125 0 0 9 125 "Za" 1
"1872" 1872 123 0 0 11 123 "Za" 1
"1873" 1873 122 0 0 12 122 "Za" 1
"1874" 1874 124 0 0 10 124 "Za" 1
"1875" 1875 121 0 0 13 121 "Za" 1
"1876" 1876 118 2 1 13 121 "Za" 0.98
"1877" 1877 122 0 3 9 125 "Za" 0.98
"1878" 1878 5 117 2 10 124 "Przeciw" 0.94
"1879" 1879 1 119 0 14 120 "Przeciw" 0.99
"1880" 1880 0 126 0 8 126 "Przeciw" 1
"1881" 1881 123 0 2 9 125 "Za" 0.98
"1882" 1882 0 2 122 10 124 "Wstrzyma³ siê" 0.98
"1883" 1883 126 0 0 8 126 "Za" 1
"1884" 1884 1 123 1 9 125 "Przeciw" 0.98
"1885" 1885 124 1 1 8 126 "Za" 0.98
"1886" 1886 124 1 0 9 125 "Za" 0.99
"1887" 1887 0 123 3 8 126 "Przeciw" 0.98
"1888" 1888 124 0 1 9 125 "Za" 0.99
"1889" 1889 126 0 0 8 126 "Za" 1
"1890" 1890 121 0 0 13 121 "Za" 1
"1891" 1891 112 4 2 15 118 "Za" 0.95
"1892" 1892 122 0 0 11 122 "Za" 1
"1893" 1893 116 5 0 12 121 "Za" 0.96
"1894" 1894 13 98 1 21 112 "Przeciw" 0.88
"1895" 1895 9 106 3 15 118 "Przeciw" 0.9
"1896" 1896 113 4 2 14 119 "Za" 0.95
"1897" 1897 122 0 0 11 122 "Za" 1
"1898" 1898 122 0 0 11 122 "Za" 1
"1899" 1899 121 0 0 12 121 "Za" 1
"1900" 1900 121 0 0 12 121 "Za" 1
"1901" 1901 2 119 1 11 122 "Przeciw" 0.98
"1902" 1902 118 1 1 13 120 "Za" 0.98
"1903" 1903 119 1 0 13 120 "Za" 0.99
"1904" 1904 120 0 0 13 120 "Za" 1
"1905" 1905 116 0 0 17 116 "Za" 1
"1906" 1906 112 7 1 13 120 "Za" 0.93
"1907" 1907 120 0 0 13 120 "Za" 1
"1908" 1908 120 0 0 13 120 "Za" 1
"1909" 1909 0 116 1 16 117 "Przeciw" 0.99
"1910" 1910 0 112 0 22 112 "Przeciw" 1
"1911" 1911 99 0 0 34 99 "Za" 1
"1912" 1912 1 96 0 36 97 "Przeciw" 0.99
