"nr_glosowania" "za" "przeciw" "wstrzymal" "nieobecny" "obecny" "tendencja" "proc_zgodnosci"
"1" 1 37 0 0 4 37 "Za" 1
"2" 2 0 36 1 4 37 "Przeciw" 0.97
"3" 3 0 37 1 3 38 "Przeciw" 0.97
"4" 4 0 37 1 3 38 "Przeciw" 0.97
"5" 5 0 35 2 4 37 "Przeciw" 0.95
"6" 6 0 37 1 3 38 "Przeciw" 0.97
"7" 7 0 36 2 3 38 "Przeciw" 0.95
"8" 8 0 37 1 3 38 "Przeciw" 0.97
"9" 9 0 36 2 3 38 "Przeciw" 0.95
"10" 10 0 36 1 4 37 "Przeciw" 0.97
"11" 11 0 36 2 3 38 "Przeciw" 0.95
"12" 12 0 37 1 3 38 "Przeciw" 0.97
"13" 13 1 36 1 3 38 "Przeciw" 0.95
"14" 14 0 2 36 3 38 "Wstrzyma³ siê" 0.95
"15" 15 0 1 36 4 37 "Wstrzyma³ siê" 0.97
"16" 16 0 2 34 5 36 "Wstrzyma³ siê" 0.94
"17" 17 0 2 35 4 37 "Wstrzyma³ siê" 0.95
"18" 18 0 2 34 5 36 "Wstrzyma³ siê" 0.94
"19" 19 0 1 36 4 37 "Wstrzyma³ siê" 0.97
"20" 20 0 0 37 4 37 "Wstrzyma³ siê" 1
"21" 21 0 0 36 5 36 "Wstrzyma³ siê" 1
"22" 22 0 1 36 4 37 "Wstrzyma³ siê" 0.97
"23" 23 1 0 37 3 38 "Wstrzyma³ siê" 0.97
"24" 24 0 0 38 3 38 "Wstrzyma³ siê" 1
"25" 25 0 2 36 3 38 "Wstrzyma³ siê" 0.95
"26" 26 0 2 36 3 38 "Wstrzyma³ siê" 0.95
"27" 27 1 4 32 4 37 "Wstrzyma³ siê" 0.86
"28" 28 0 0 37 4 37 "Wstrzyma³ siê" 1
"29" 29 0 0 36 5 36 "Wstrzyma³ siê" 1
"30" 30 0 0 36 5 36 "Wstrzyma³ siê" 1
"31" 31 4 1 22 14 27 "Wstrzyma³ siê" 0.81
"32" 32 35 1 1 4 37 "Za" 0.95
"33" 33 18 17 1 5 36 "Za" 0.5
"34" 34 1 36 3 1 40 "Przeciw" 0.9
"35" 35 3 37 0 1 40 "Przeciw" 0.92
"36" 36 13 23 5 0 41 "Przeciw" 0.56
"37" 37 41 0 0 0 41 "Za" 1
"38" 38 30 6 4 1 40 "Za" 0.75
"39" 39 41 0 0 0 41 "Za" 1
"40" 40 25 11 5 0 41 "Za" 0.61
"41" 41 41 0 0 0 41 "Za" 1
"42" 42 41 0 0 0 41 "Za" 1
"43" 43 41 0 0 0 41 "Za" 1
"44" 44 41 0 0 0 41 "Za" 1
"45" 45 33 6 2 0 41 "Za" 0.8
"46" 46 34 1 6 0 41 "Za" 0.83
"47" 47 41 0 0 0 41 "Za" 1
"48" 48 41 0 0 0 41 "Za" 1
"49" 49 41 0 0 0 41 "Za" 1
"50" 50 38 3 0 0 41 "Za" 0.93
"51" 51 41 0 0 0 41 "Za" 1
"52" 52 35 5 1 0 41 "Za" 0.85
"53" 53 41 0 0 0 41 "Za" 1
"54" 54 41 0 0 0 41 "Za" 1
"55" 55 21 13 6 1 40 "Za" 0.52
"56" 56 41 0 0 0 41 "Za" 1
"57" 57 40 0 1 0 41 "Za" 0.98
"58" 58 0 39 1 1 40 "Przeciw" 0.98
"59" 59 41 0 0 0 41 "Za" 1
"60" 60 39 0 1 1 40 "Za" 0.98
"61" 61 39 0 1 1 40 "Za" 0.98
"62" 62 28 6 6 1 40 "Za" 0.7
"63" 63 0 36 4 1 40 "Przeciw" 0.9
"64" 64 2 0 38 1 40 "Wstrzyma³ siê" 0.95
"65" 65 0 3 34 4 37 "Wstrzyma³ siê" 0.92
"66" 66 1 38 1 1 40 "Przeciw" 0.95
"67" 67 0 20 20 1 40 "Przeciw" 0.5
"68" 68 40 0 0 1 40 "Za" 1
"69" 69 3 35 1 2 39 "Przeciw" 0.9
"70" 70 40 0 0 1 40 "Za" 1
"71" 71 40 1 0 1 41 "Za" 0.98
"72" 72 40 0 1 1 41 "Za" 0.98
"73" 73 2 36 3 1 41 "Przeciw" 0.88
"74" 74 8 7 26 1 41 "Wstrzyma³ siê" 0.63
"75" 75 40 0 1 1 41 "Za" 0.98
"76" 76 3 0 35 4 38 "Wstrzyma³ siê" 0.92
"77" 77 0 1 31 10 32 "Wstrzyma³ siê" 0.97
"78" 78 38 0 1 2 39 "Za" 0.97
"79" 79 37 0 1 3 38 "Za" 0.97
"80" 80 37 0 1 3 38 "Za" 0.97
"81" 81 37 0 1 3 38 "Za" 0.97
"82" 82 37 0 1 3 38 "Za" 0.97
"83" 83 37 0 1 3 38 "Za" 0.97
"84" 84 36 0 1 4 37 "Za" 0.97
"85" 85 0 33 2 6 35 "Przeciw" 0.94
"86" 86 37 0 0 4 37 "Za" 1
"87" 87 35 0 2 4 37 "Za" 0.95
"88" 88 35 0 2 4 37 "Za" 0.95
"89" 89 35 0 2 4 37 "Za" 0.95
"90" 90 36 0 1 4 37 "Za" 0.97
"91" 91 35 0 2 4 37 "Za" 0.95
"92" 92 0 36 1 4 37 "Przeciw" 0.97
"93" 93 40 0 0 1 40 "Za" 1
"94" 94 40 0 0 1 40 "Za" 1
"95" 95 0 36 4 1 40 "Przeciw" 0.9
"96" 96 40 0 0 1 40 "Za" 1
"97" 97 32 5 3 1 40 "Za" 0.8
"98" 98 39 0 1 1 40 "Za" 0.98
"99" 99 40 0 0 1 40 "Za" 1
"100" 100 40 0 0 1 40 "Za" 1
"101" 101 40 0 0 1 40 "Za" 1
"102" 102 0 37 2 2 39 "Przeciw" 0.95
"103" 103 35 2 3 1 40 "Za" 0.88
"104" 104 29 1 6 5 36 "Za" 0.81
"105" 105 33 4 2 2 39 "Za" 0.85
"106" 106 35 0 0 6 35 "Za" 1
"107" 107 33 0 2 6 35 "Za" 0.94
"108" 108 1 0 7 33 8 "Wstrzyma³ siê" 0.88
"109" 109 1 1 7 32 9 "Wstrzyma³ siê" 0.78
"110" 110 1 3 15 22 19 "Wstrzyma³ siê" 0.79
"111" 111 3 0 4 34 7 "Wstrzyma³ siê" 0.57
"112" 112 4 7 18 12 29 "Wstrzyma³ siê" 0.62
"113" 113 2 1 4 34 7 "Wstrzyma³ siê" 0.57
"114" 114 2 3 6 30 11 "Wstrzyma³ siê" 0.55
"115" 115 1 10 22 8 33 "Wstrzyma³ siê" 0.67
"116" 116 29 3 5 4 37 "Za" 0.78
"117" 117 1 38 1 1 40 "Przeciw" 0.95
"118" 118 37 1 1 2 39 "Za" 0.95
"119" 119 32 0 0 9 32 "Za" 1
"120" 120 0 36 2 3 38 "Przeciw" 0.95
"121" 121 37 0 2 2 39 "Za" 0.95
"122" 122 1 36 2 2 39 "Przeciw" 0.92
"123" 123 36 1 1 3 38 "Za" 0.95
"124" 124 41 0 0 0 41 "Za" 1
"125" 125 41 0 0 0 41 "Za" 1
"126" 126 39 0 1 1 40 "Za" 0.98
"127" 127 3 36 1 1 40 "Przeciw" 0.9
"128" 128 36 1 3 1 40 "Za" 0.9
"129" 129 4 35 1 1 40 "Przeciw" 0.88
"130" 130 1 37 1 2 39 "Przeciw" 0.95
"131" 131 37 0 1 3 38 "Za" 0.97
"132" 132 29 6 4 2 39 "Za" 0.74
"133" 133 36 0 3 2 39 "Za" 0.92
"134" 134 1 30 8 2 39 "Przeciw" 0.77
"135" 135 37 0 2 2 39 "Za" 0.95
"136" 136 4 28 7 2 39 "Przeciw" 0.72
"137" 137 11 25 3 2 39 "Przeciw" 0.64
"138" 138 0 2 35 4 37 "Wstrzyma³ siê" 0.95
"139" 139 1 21 17 2 39 "Przeciw" 0.54
"140" 140 4 12 22 3 38 "Wstrzyma³ siê" 0.58
"141" 141 5 31 2 3 38 "Przeciw" 0.82
"142" 142 3 32 2 4 37 "Przeciw" 0.86
"143" 143 37 0 1 3 38 "Za" 0.97
"144" 144 4 23 8 6 35 "Przeciw" 0.66
"145" 145 38 0 0 3 38 "Za" 1
"146" 146 1 37 0 3 38 "Przeciw" 0.97
"147" 147 35 3 0 3 38 "Za" 0.92
"148" 148 0 37 1 3 38 "Przeciw" 0.97
"149" 149 34 0 1 6 35 "Za" 0.97
"150" 150 0 35 0 6 35 "Przeciw" 1
"151" 151 0 34 0 7 34 "Przeciw" 1
"152" 152 0 35 0 6 35 "Przeciw" 1
"153" 153 0 34 0 7 34 "Przeciw" 1
"154" 154 10 26 2 3 38 "Przeciw" 0.68
"155" 155 37 0 0 4 37 "Za" 1
"156" 156 37 0 0 4 37 "Za" 1
"157" 157 36 0 0 5 36 "Za" 1
"158" 158 35 2 0 4 37 "Za" 0.95
"159" 159 36 0 1 4 37 "Za" 0.97
"160" 160 38 1 0 2 39 "Za" 0.97
"161" 161 24 1 13 3 38 "Za" 0.63
"162" 162 0 26 13 2 39 "Przeciw" 0.67
"163" 163 18 10 11 2 39 "Za" 0.46
"164" 164 16 17 6 2 39 "Przeciw" 0.44
"165" 165 0 36 3 2 39 "Przeciw" 0.92
"166" 166 2 2 35 2 39 "Wstrzyma³ siê" 0.9
"167" 167 30 4 5 2 39 "Za" 0.77
"168" 168 38 0 1 2 39 "Za" 0.97
"169" 169 1 34 4 2 39 "Przeciw" 0.87
"170" 170 4 30 5 2 39 "Przeciw" 0.77
"171" 171 33 1 1 6 35 "Za" 0.94
"172" 172 1 15 6 19 22 "Przeciw" 0.68
"173" 173 36 0 0 4 36 "Za" 1
"174" 174 36 0 0 4 36 "Za" 1
"175" 175 34 0 0 6 34 "Za" 1
"176" 176 34 0 0 6 34 "Za" 1
"177" 177 2 34 2 2 38 "Przeciw" 0.89
"178" 178 36 0 2 2 38 "Za" 0.95
"179" 179 36 0 2 2 38 "Za" 0.95
"180" 180 4 33 1 2 38 "Przeciw" 0.87
"181" 181 2 0 36 2 38 "Wstrzyma³ siê" 0.95
"182" 182 1 35 2 2 38 "Przeciw" 0.92
"183" 183 36 0 2 2 38 "Za" 0.95
"184" 184 1 3 28 8 32 "Wstrzyma³ siê" 0.88
"185" 185 0 34 4 2 38 "Przeciw" 0.89
"186" 186 30 4 4 2 38 "Za" 0.79
"187" 187 2 0 36 2 38 "Wstrzyma³ siê" 0.95
"188" 188 36 1 1 2 38 "Za" 0.95
"189" 189 35 0 2 3 37 "Za" 0.95
"190" 190 36 0 2 2 38 "Za" 0.95
"191" 191 0 0 38 2 38 "Wstrzyma³ siê" 1
"192" 192 35 1 2 2 38 "Za" 0.92
"193" 193 34 0 2 4 36 "Za" 0.94
"194" 194 35 0 2 3 37 "Za" 0.95
"195" 195 0 35 2 3 37 "Przeciw" 0.95
"196" 196 1 0 36 3 37 "Wstrzyma³ siê" 0.97
"197" 197 35 0 2 3 37 "Za" 0.95
"198" 198 34 0 3 3 37 "Za" 0.92
"199" 199 2 0 35 3 37 "Wstrzyma³ siê" 0.95
"200" 200 36 0 1 3 37 "Za" 0.97
"201" 201 35 0 3 2 38 "Za" 0.92
"202" 202 2 30 5 3 37 "Przeciw" 0.81
"203" 203 1 1 35 3 37 "Wstrzyma³ siê" 0.95
"204" 204 1 1 35 3 37 "Wstrzyma³ siê" 0.95
"205" 205 0 1 35 4 36 "Wstrzyma³ siê" 0.97
"206" 206 0 1 36 3 37 "Wstrzyma³ siê" 0.97
"207" 207 1 0 36 3 37 "Wstrzyma³ siê" 0.97
"208" 208 2 0 34 4 36 "Wstrzyma³ siê" 0.94
"209" 209 1 0 36 3 37 "Wstrzyma³ siê" 0.97
"210" 210 1 0 35 4 36 "Wstrzyma³ siê" 0.97
"211" 211 2 0 35 3 37 "Wstrzyma³ siê" 0.95
"212" 212 1 0 35 4 36 "Wstrzyma³ siê" 0.97
"213" 213 1 0 35 4 36 "Wstrzyma³ siê" 0.97
"214" 214 2 0 35 3 37 "Wstrzyma³ siê" 0.95
"215" 215 4 0 33 3 37 "Wstrzyma³ siê" 0.89
"216" 216 1 0 35 4 36 "Wstrzyma³ siê" 0.97
"217" 217 1 0 35 4 36 "Wstrzyma³ siê" 0.97
"218" 218 0 1 36 3 37 "Wstrzyma³ siê" 0.97
"219" 219 5 0 31 4 36 "Wstrzyma³ siê" 0.86
"220" 220 37 0 0 3 37 "Za" 1
"221" 221 30 0 6 4 36 "Za" 0.83
"222" 222 37 0 0 3 37 "Za" 1
"223" 223 37 0 0 3 37 "Za" 1
"224" 224 37 0 0 3 37 "Za" 1
"225" 225 37 0 0 3 37 "Za" 1
"226" 226 1 4 32 3 37 "Wstrzyma³ siê" 0.86
"227" 227 32 1 4 3 37 "Za" 0.86
"228" 228 37 0 0 3 37 "Za" 1
"229" 229 35 0 2 3 37 "Za" 0.95
"230" 230 1 35 1 3 37 "Przeciw" 0.95
"231" 231 4 32 0 4 36 "Przeciw" 0.89
"232" 232 1 0 34 5 35 "Wstrzyma³ siê" 0.97
"233" 233 5 1 8 26 14 "Wstrzyma³ siê" 0.57
"234" 234 37 0 0 3 37 "Za" 1
"235" 235 38 0 0 2 38 "Za" 1
"236" 236 38 0 0 2 38 "Za" 1
"237" 237 11 7 20 2 38 "Wstrzyma³ siê" 0.53
"238" 238 2 11 25 2 38 "Wstrzyma³ siê" 0.66
"239" 239 3 20 15 2 38 "Przeciw" 0.53
"240" 240 6 23 9 2 38 "Przeciw" 0.61
"241" 241 38 0 1 2 39 "Za" 0.97
"242" 242 2 36 0 3 38 "Przeciw" 0.95
"243" 243 36 1 0 4 37 "Za" 0.97
"244" 244 8 18 2 13 28 "Przeciw" 0.64
"245" 245 2 0 33 5 35 "Wstrzyma³ siê" 0.94
"246" 246 35 0 0 5 35 "Za" 1
"247" 247 0 0 35 5 35 "Wstrzyma³ siê" 1
"248" 248 0 34 1 5 35 "Przeciw" 0.97
"249" 249 0 0 35 5 35 "Wstrzyma³ siê" 1
"250" 250 0 1 33 6 34 "Wstrzyma³ siê" 0.97
"251" 251 0 0 35 5 35 "Wstrzyma³ siê" 1
"252" 252 0 0 35 5 35 "Wstrzyma³ siê" 1
"253" 253 33 0 1 6 34 "Za" 0.97
"254" 254 34 0 2 4 36 "Za" 0.94
"255" 255 0 0 36 4 36 "Wstrzyma³ siê" 1
"256" 256 0 0 36 4 36 "Wstrzyma³ siê" 1
"257" 257 0 0 36 4 36 "Wstrzyma³ siê" 1
"258" 258 0 1 34 5 35 "Wstrzyma³ siê" 0.97
"259" 259 33 0 2 5 35 "Za" 0.94
"260" 260 3 28 0 9 31 "Przeciw" 0.9
"261" 261 1 33 2 4 36 "Przeciw" 0.92
"262" 262 0 32 3 5 35 "Przeciw" 0.91
"263" 263 0 35 1 4 36 "Przeciw" 0.97
"264" 264 0 35 1 4 36 "Przeciw" 0.97
"265" 265 33 0 2 5 35 "Za" 0.94
"266" 266 0 35 1 4 36 "Przeciw" 0.97
"267" 267 33 0 3 4 36 "Za" 0.92
"268" 268 33 0 3 4 36 "Za" 0.92
"269" 269 33 0 3 4 36 "Za" 0.92
"270" 270 1 0 35 4 36 "Wstrzyma³ siê" 0.97
"271" 271 0 33 2 5 35 "Przeciw" 0.94
"272" 272 0 0 35 5 35 "Wstrzyma³ siê" 1
"273" 273 0 33 3 4 36 "Przeciw" 0.92
"274" 274 25 0 5 10 30 "Za" 0.83
"275" 275 6 27 3 4 36 "Przeciw" 0.75
"276" 276 25 0 4 11 29 "Za" 0.86
"277" 277 0 0 30 10 30 "Wstrzyma³ siê" 1
"278" 278 0 37 1 2 38 "Przeciw" 0.97
"279" 279 36 2 0 2 38 "Za" 0.95
"280" 280 35 1 2 2 38 "Za" 0.92
"281" 281 37 0 1 2 38 "Za" 0.97
"282" 282 0 36 2 2 38 "Przeciw" 0.95
"283" 283 36 1 1 2 38 "Za" 0.95
"284" 284 1 36 1 2 38 "Przeciw" 0.95
"285" 285 36 1 1 2 38 "Za" 0.95
"286" 286 37 0 0 3 37 "Za" 1
"287" 287 0 37 1 2 38 "Przeciw" 0.97
"288" 288 0 37 1 2 38 "Przeciw" 0.97
"289" 289 0 36 2 2 38 "Przeciw" 0.95
"290" 290 37 0 0 3 37 "Za" 1
"291" 291 38 0 0 2 38 "Za" 1
"292" 292 36 0 2 2 38 "Za" 0.95
"293" 293 38 0 0 2 38 "Za" 1
"294" 294 0 37 1 2 38 "Przeciw" 0.97
"295" 295 0 36 1 3 37 "Przeciw" 0.97
"296" 296 0 35 1 4 36 "Przeciw" 0.97
"297" 297 1 37 0 2 38 "Przeciw" 0.97
"298" 298 2 35 1 2 38 "Przeciw" 0.92
"299" 299 0 37 1 2 38 "Przeciw" 0.97
"300" 300 0 37 1 2 38 "Przeciw" 0.97
"301" 301 0 36 2 2 38 "Przeciw" 0.95
"302" 302 35 3 0 2 38 "Za" 0.92
"303" 303 1 34 3 2 38 "Przeciw" 0.89
"304" 304 35 0 3 2 38 "Za" 0.92
"305" 305 0 35 3 2 38 "Przeciw" 0.92
"306" 306 0 35 3 2 38 "Przeciw" 0.92
"307" 307 33 1 4 2 38 "Za" 0.87
"308" 308 35 0 3 2 38 "Za" 0.92
"309" 309 35 0 3 2 38 "Za" 0.92
"310" 310 35 0 3 2 38 "Za" 0.92
"311" 311 36 0 2 2 38 "Za" 0.95
"312" 312 0 36 2 2 38 "Przeciw" 0.95
"313" 313 0 0 38 2 38 "Wstrzyma³ siê" 1
"314" 314 7 18 12 3 37 "Przeciw" 0.49
"315" 315 0 32 0 8 32 "Przeciw" 1
"316" 316 0 30 0 10 30 "Przeciw" 1
"317" 317 0 30 1 9 31 "Przeciw" 0.97
"318" 318 0 31 0 9 31 "Przeciw" 1
"319" 319 2 28 0 10 30 "Przeciw" 0.93
"320" 320 0 38 1 1 39 "Przeciw" 0.97
"321" 321 39 0 0 1 39 "Za" 1
"322" 322 39 0 0 1 39 "Za" 1
"323" 323 39 0 0 1 39 "Za" 1
"324" 324 37 0 2 1 39 "Za" 0.95
"325" 325 38 0 0 2 38 "Za" 1
"326" 326 36 1 0 3 37 "Za" 0.97
"327" 327 0 37 2 1 39 "Przeciw" 0.95
"328" 328 0 36 2 2 38 "Przeciw" 0.95
"329" 329 1 36 2 1 39 "Przeciw" 0.92
"330" 330 37 0 2 1 39 "Za" 0.95
"331" 331 1 36 2 1 39 "Przeciw" 0.92
"332" 332 0 35 2 3 37 "Przeciw" 0.95
"333" 333 0 37 2 1 39 "Przeciw" 0.95
"334" 334 28 2 9 1 39 "Za" 0.72
"335" 335 27 6 5 2 38 "Za" 0.71
"336" 336 3 33 1 3 37 "Przeciw" 0.89
"337" 337 34 0 1 5 35 "Za" 0.97
"338" 338 0 34 1 5 35 "Przeciw" 0.97
"339" 339 0 35 0 5 35 "Przeciw" 1
"340" 340 39 0 0 1 39 "Za" 1
"341" 341 39 0 0 1 39 "Za" 1
"342" 342 36 1 1 2 38 "Za" 0.95
"343" 343 37 1 0 2 38 "Za" 0.97
"344" 344 34 1 2 3 37 "Za" 0.92
"345" 345 36 1 0 3 37 "Za" 0.97
"346" 346 0 33 4 3 37 "Przeciw" 0.89
"347" 347 4 31 2 3 37 "Przeciw" 0.84
"348" 348 13 11 13 3 37 "Za" 0.35
"349" 349 4 20 13 3 37 "Przeciw" 0.54
"350" 350 22 11 3 4 36 "Za" 0.61
"351" 351 36 0 0 4 36 "Za" 1
"352" 352 36 0 1 3 37 "Za" 0.97
"353" 353 0 37 0 3 37 "Przeciw" 1
"354" 354 12 17 6 5 35 "Przeciw" 0.49
"355" 355 2 33 2 3 37 "Przeciw" 0.89
"356" 356 1 33 3 3 37 "Przeciw" 0.89
"357" 357 1 35 1 3 37 "Przeciw" 0.95
"358" 358 1 33 3 3 37 "Przeciw" 0.89
"359" 359 19 14 2 5 35 "Za" 0.54
"360" 360 26 8 3 3 37 "Za" 0.7
"361" 361 30 4 2 4 36 "Za" 0.83
"362" 362 29 5 3 3 37 "Za" 0.78
"363" 363 30 4 1 5 35 "Za" 0.86
"364" 364 29 2 3 6 34 "Za" 0.85
"365" 365 29 4 2 5 35 "Za" 0.83
"366" 366 5 22 6 7 33 "Przeciw" 0.67
"367" 367 2 34 0 4 36 "Przeciw" 0.94
"368" 368 31 3 2 4 36 "Za" 0.86
"369" 369 33 1 3 3 37 "Za" 0.89
"370" 370 30 2 2 6 34 "Za" 0.88
"371" 371 34 0 1 5 35 "Za" 0.97
"372" 372 34 2 1 3 37 "Za" 0.92
"373" 373 36 1 0 3 37 "Za" 0.97
"374" 374 37 0 0 3 37 "Za" 1
"375" 375 31 3 1 5 35 "Za" 0.89
"376" 376 16 13 1 10 30 "Za" 0.53
"377" 377 28 3 0 9 31 "Za" 0.9
"378" 378 26 2 5 7 33 "Za" 0.79
"379" 379 27 2 3 8 32 "Za" 0.84
"380" 380 29 4 0 7 33 "Za" 0.88
"381" 381 28 2 2 8 32 "Za" 0.88
"382" 382 30 3 0 7 33 "Za" 0.91
"383" 383 28 3 2 7 33 "Za" 0.85
"384" 384 32 2 1 5 35 "Za" 0.91
"385" 385 36 1 0 3 37 "Za" 0.97
"386" 386 34 3 0 3 37 "Za" 0.92
"387" 387 36 1 0 3 37 "Za" 0.97
"388" 388 33 3 1 3 37 "Za" 0.89
"389" 389 30 3 4 3 37 "Za" 0.81
"390" 390 27 6 4 3 37 "Za" 0.73
"391" 391 31 3 0 6 34 "Za" 0.91
"392" 392 34 2 1 3 37 "Za" 0.92
"393" 393 32 2 0 6 34 "Za" 0.94
"394" 394 32 2 3 3 37 "Za" 0.86
"395" 395 31 3 2 4 36 "Za" 0.86
"396" 396 36 1 0 3 37 "Za" 0.97
"397" 397 33 3 1 3 37 "Za" 0.89
"398" 398 31 2 4 3 37 "Za" 0.84
"399" 399 29 1 5 5 35 "Za" 0.83
"400" 400 32 2 1 5 35 "Za" 0.91
"401" 401 32 2 3 3 37 "Za" 0.86
"402" 402 30 3 3 4 36 "Za" 0.83
"403" 403 35 1 1 3 37 "Za" 0.95
"404" 404 29 3 5 3 37 "Za" 0.78
"405" 405 34 0 1 5 35 "Za" 0.97
"406" 406 32 1 0 7 33 "Za" 0.97
"407" 407 34 0 1 5 35 "Za" 0.97
"408" 408 33 0 1 6 34 "Za" 0.97
"409" 409 30 2 1 7 33 "Za" 0.91
"410" 410 32 2 0 6 34 "Za" 0.94
"411" 411 20 11 6 3 37 "Za" 0.54
"412" 412 33 0 1 6 34 "Za" 0.97
"413" 413 32 0 1 7 33 "Za" 0.97
"414" 414 30 2 0 8 32 "Za" 0.94
"415" 415 26 3 3 8 32 "Za" 0.81
"416" 416 28 3 4 5 35 "Za" 0.8
"417" 417 28 3 4 5 35 "Za" 0.8
"418" 418 12 18 5 5 35 "Przeciw" 0.51
"419" 419 11 17 6 6 34 "Przeciw" 0.5
"420" 420 25 5 4 6 34 "Za" 0.74
"421" 421 34 1 1 4 36 "Za" 0.94
"422" 422 27 4 3 6 34 "Za" 0.79
"423" 423 7 23 7 3 37 "Przeciw" 0.62
"424" 424 10 19 8 3 37 "Przeciw" 0.51
"425" 425 36 1 0 3 37 "Za" 0.97
"426" 426 33 2 2 3 37 "Za" 0.89
"427" 427 33 2 2 3 37 "Za" 0.89
"428" 428 32 2 3 3 37 "Za" 0.86
"429" 429 33 1 3 3 37 "Za" 0.89
"430" 430 32 2 3 3 37 "Za" 0.86
"431" 431 31 5 1 3 37 "Za" 0.84
"432" 432 35 1 1 3 37 "Za" 0.95
"433" 433 31 3 3 3 37 "Za" 0.84
"434" 434 31 3 3 3 37 "Za" 0.84
"435" 435 33 3 0 4 36 "Za" 0.92
"436" 436 33 4 0 3 37 "Za" 0.89
"437" 437 31 1 5 3 37 "Za" 0.84
"438" 438 34 2 0 4 36 "Za" 0.94
"439" 439 30 2 4 4 36 "Za" 0.83
"440" 440 34 2 1 3 37 "Za" 0.92
"441" 441 30 3 3 4 36 "Za" 0.83
"442" 442 33 3 1 3 37 "Za" 0.89
"443" 443 33 2 2 3 37 "Za" 0.89
"444" 444 31 4 2 3 37 "Za" 0.84
"445" 445 30 3 3 4 36 "Za" 0.83
"446" 446 34 1 1 4 36 "Za" 0.94
"447" 447 30 1 3 6 34 "Za" 0.88
"448" 448 31 3 2 4 36 "Za" 0.86
"449" 449 30 4 3 3 37 "Za" 0.81
"450" 450 29 2 6 3 37 "Za" 0.78
"451" 451 20 9 8 3 37 "Za" 0.54
"452" 452 30 5 2 3 37 "Za" 0.81
"453" 453 28 3 5 4 36 "Za" 0.78
"454" 454 31 2 4 3 37 "Za" 0.84
"455" 455 31 4 2 3 37 "Za" 0.84
"456" 456 25 10 2 3 37 "Za" 0.68
"457" 457 28 6 3 3 37 "Za" 0.76
"458" 458 31 4 2 3 37 "Za" 0.84
"459" 459 30 3 2 5 35 "Za" 0.86
"460" 460 31 2 4 3 37 "Za" 0.84
"461" 461 25 8 4 3 37 "Za" 0.68
"462" 462 32 2 3 3 37 "Za" 0.86
"463" 463 30 2 5 3 37 "Za" 0.81
"464" 464 31 2 2 5 35 "Za" 0.89
"465" 465 11 24 2 3 37 "Przeciw" 0.65
"466" 466 32 3 2 3 37 "Za" 0.86
"467" 467 30 2 4 4 36 "Za" 0.83
"468" 468 31 2 4 3 37 "Za" 0.84
"469" 469 30 2 5 3 37 "Za" 0.81
"470" 470 30 4 3 3 37 "Za" 0.81
"471" 471 30 3 3 4 36 "Za" 0.83
"472" 472 31 3 3 3 37 "Za" 0.84
"473" 473 28 3 5 4 36 "Za" 0.78
"474" 474 32 3 2 3 37 "Za" 0.86
"475" 475 32 4 1 3 37 "Za" 0.86
"476" 476 31 3 3 3 37 "Za" 0.84
"477" 477 31 3 3 3 37 "Za" 0.84
"478" 478 24 9 4 3 37 "Za" 0.65
"479" 479 29 4 2 5 35 "Za" 0.83
"480" 480 32 4 1 3 37 "Za" 0.86
"481" 481 29 4 4 3 37 "Za" 0.78
"482" 482 14 18 5 3 37 "Przeciw" 0.49
"483" 483 4 23 9 4 36 "Przeciw" 0.64
"484" 484 30 2 3 5 35 "Za" 0.86
"485" 485 29 2 4 5 35 "Za" 0.83
"486" 486 32 0 0 8 32 "Za" 1
"487" 487 30 1 0 9 31 "Za" 0.97
"488" 488 37 0 0 3 37 "Za" 1
"489" 489 34 2 1 3 37 "Za" 0.92
"490" 490 31 2 2 5 35 "Za" 0.89
"491" 491 31 5 1 3 37 "Za" 0.84
"492" 492 33 3 1 3 37 "Za" 0.89
"493" 493 33 3 1 3 37 "Za" 0.89
"494" 494 32 2 2 4 36 "Za" 0.89
"495" 495 31 6 0 3 37 "Za" 0.84
"496" 496 32 2 3 3 37 "Za" 0.86
"497" 497 0 33 2 5 35 "Przeciw" 0.94
"498" 498 30 1 4 5 35 "Za" 0.86
"499" 499 0 25 7 8 32 "Przeciw" 0.78
"500" 500 34 1 0 5 35 "Za" 0.97
"501" 501 29 3 3 5 35 "Za" 0.83
"502" 502 1 31 3 5 35 "Przeciw" 0.89
"503" 503 26 7 1 6 34 "Za" 0.76
"504" 504 14 10 10 6 34 "Za" 0.41
"505" 505 2 26 7 5 35 "Przeciw" 0.74
"506" 506 11 22 2 5 35 "Przeciw" 0.63
"507" 507 28 3 4 5 35 "Za" 0.8
"508" 508 30 2 3 5 35 "Za" 0.86
"509" 509 30 2 2 6 34 "Za" 0.88
"510" 510 1 30 3 6 34 "Przeciw" 0.88
"511" 511 30 1 3 6 34 "Za" 0.88
"512" 512 29 2 3 6 34 "Za" 0.85
"513" 513 32 2 1 5 35 "Za" 0.91
"514" 514 36 0 1 3 37 "Za" 0.97
"515" 515 38 0 0 2 38 "Za" 1
"516" 516 5 27 6 2 38 "Przeciw" 0.71
"517" 517 5 29 4 2 38 "Przeciw" 0.76
"518" 518 35 0 1 4 36 "Za" 0.97
"519" 519 34 3 1 2 38 "Za" 0.89
"520" 520 10 27 1 2 38 "Przeciw" 0.71
"521" 521 31 7 0 2 38 "Za" 0.82
"522" 522 35 1 1 3 37 "Za" 0.95
"523" 523 34 3 0 3 37 "Za" 0.92
"524" 524 30 7 0 3 37 "Za" 0.81
"525" 525 34 2 2 2 38 "Za" 0.89
"526" 526 32 2 4 2 38 "Za" 0.84
"527" 527 12 22 4 2 38 "Przeciw" 0.58
"528" 528 34 2 2 2 38 "Za" 0.89
"529" 529 14 18 6 2 38 "Przeciw" 0.47
"530" 530 29 6 2 3 37 "Za" 0.78
"531" 531 9 22 5 4 36 "Przeciw" 0.61
"532" 532 29 7 2 2 38 "Za" 0.76
"533" 533 31 5 2 2 38 "Za" 0.82
"534" 534 34 3 1 2 38 "Za" 0.89
"535" 535 36 1 1 2 38 "Za" 0.95
"536" 536 19 11 6 4 36 "Za" 0.53
"537" 537 28 7 2 3 37 "Za" 0.76
"538" 538 28 7 2 3 37 "Za" 0.76
"539" 539 34 1 0 5 35 "Za" 0.97
"540" 540 31 4 3 2 38 "Za" 0.82
"541" 541 34 2 1 3 37 "Za" 0.92
"542" 542 34 1 0 5 35 "Za" 0.97
"543" 543 4 29 3 4 36 "Przeciw" 0.81
"544" 544 10 21 5 4 36 "Przeciw" 0.58
"545" 545 7 21 9 3 37 "Przeciw" 0.57
"546" 546 25 11 1 3 37 "Za" 0.68
"547" 547 5 23 8 4 36 "Przeciw" 0.64
"548" 548 33 3 1 3 37 "Za" 0.89
"549" 549 33 4 0 3 37 "Za" 0.89
"550" 550 32 2 0 6 34 "Za" 0.94
"551" 551 37 0 0 3 37 "Za" 1
"552" 552 4 28 5 3 37 "Przeciw" 0.76
"553" 553 23 8 6 3 37 "Za" 0.62
"554" 554 28 4 4 4 36 "Za" 0.78
"555" 555 34 2 1 3 37 "Za" 0.92
"556" 556 31 5 0 4 36 "Za" 0.86
"557" 557 32 2 0 6 34 "Za" 0.94
"558" 558 5 26 5 4 36 "Przeciw" 0.72
"559" 559 26 5 2 7 33 "Za" 0.79
"560" 560 10 11 15 4 36 "Wstrzyma³ siê" 0.42
"561" 561 35 0 0 5 35 "Za" 1
"562" 562 31 2 1 6 34 "Za" 0.91
"563" 563 27 4 2 7 33 "Za" 0.82
"564" 564 29 4 4 3 37 "Za" 0.78
"565" 565 10 24 2 4 36 "Przeciw" 0.67
"566" 566 30 5 2 3 37 "Za" 0.81
"567" 567 27 3 3 7 33 "Za" 0.82
"568" 568 29 3 5 3 37 "Za" 0.78
"569" 569 27 4 4 5 35 "Za" 0.77
"570" 570 29 4 2 5 35 "Za" 0.83
"571" 571 33 0 2 5 35 "Za" 0.94
"572" 572 31 2 3 4 36 "Za" 0.86
"573" 573 28 3 5 4 36 "Za" 0.78
"574" 574 29 3 4 4 36 "Za" 0.81
"575" 575 32 4 0 4 36 "Za" 0.89
"576" 576 30 3 4 3 37 "Za" 0.81
"577" 577 29 4 4 3 37 "Za" 0.78
"578" 578 30 4 3 3 37 "Za" 0.81
"579" 579 29 3 2 6 34 "Za" 0.85
"580" 580 29 2 1 8 32 "Za" 0.91
"581" 581 27 1 3 9 31 "Za" 0.87
"582" 582 26 3 3 8 32 "Za" 0.81
"583" 583 26 1 4 9 31 "Za" 0.84
"584" 584 30 0 2 8 32 "Za" 0.94
"585" 585 23 8 3 6 34 "Za" 0.68
"586" 586 29 4 4 3 37 "Za" 0.78
"587" 587 30 4 3 3 37 "Za" 0.81
"588" 588 31 3 3 3 37 "Za" 0.84
"589" 589 30 3 3 4 36 "Za" 0.83
"590" 590 29 3 5 3 37 "Za" 0.78
"591" 591 30 3 2 5 35 "Za" 0.86
"592" 592 30 4 0 6 34 "Za" 0.88
"593" 593 29 6 0 5 35 "Za" 0.83
"594" 594 29 6 0 5 35 "Za" 0.83
"595" 595 25 6 3 6 34 "Za" 0.74
"596" 596 23 9 3 5 35 "Za" 0.66
"597" 597 29 3 1 7 33 "Za" 0.88
"598" 598 30 3 2 5 35 "Za" 0.86
"599" 599 21 9 3 7 33 "Za" 0.64
"600" 600 29 3 0 8 32 "Za" 0.91
"601" 601 24 4 6 6 34 "Za" 0.71
"602" 602 11 14 9 6 34 "Przeciw" 0.41
"603" 603 5 18 11 6 34 "Przeciw" 0.53
"604" 604 25 5 2 8 32 "Za" 0.78
"605" 605 27 4 2 7 33 "Za" 0.82
"606" 606 24 6 2 8 32 "Za" 0.75
"607" 607 29 4 0 7 33 "Za" 0.88
"608" 608 22 3 0 15 25 "Za" 0.88
"609" 609 13 18 2 7 33 "Przeciw" 0.55
"610" 610 28 5 2 5 35 "Za" 0.8
"611" 611 31 5 0 4 36 "Za" 0.86
"612" 612 11 20 6 3 37 "Przeciw" 0.54
"613" 613 26 9 2 3 37 "Za" 0.7
"614" 614 27 9 1 3 37 "Za" 0.73
"615" 615 15 18 3 4 36 "Przeciw" 0.5
"616" 616 12 17 8 3 37 "Przeciw" 0.46
"617" 617 5 27 5 3 37 "Przeciw" 0.73
"618" 618 7 24 5 4 36 "Przeciw" 0.67
"619" 619 28 7 2 3 37 "Za" 0.76
"620" 620 30 5 2 3 37 "Za" 0.81
"621" 621 28 6 3 3 37 "Za" 0.76
"622" 622 31 4 1 4 36 "Za" 0.86
"623" 623 32 4 1 3 37 "Za" 0.86
"624" 624 34 3 0 3 37 "Za" 0.92
"625" 625 31 4 0 5 35 "Za" 0.89
"626" 626 26 5 2 7 33 "Za" 0.79
"627" 627 17 14 6 3 37 "Za" 0.46
"628" 628 30 5 2 3 37 "Za" 0.81
"629" 629 31 5 1 3 37 "Za" 0.84
"630" 630 32 4 1 3 37 "Za" 0.86
"631" 631 34 2 2 2 38 "Za" 0.89
"632" 632 31 6 1 2 38 "Za" 0.82
"633" 633 2 32 2 4 36 "Przeciw" 0.89
"634" 634 7 23 4 6 34 "Przeciw" 0.68
"635" 635 28 6 3 3 37 "Za" 0.76
"636" 636 32 4 1 3 37 "Za" 0.86
"637" 637 4 24 6 6 34 "Przeciw" 0.71
"638" 638 4 28 5 3 37 "Przeciw" 0.76
"639" 639 35 1 2 2 38 "Za" 0.92
"640" 640 10 22 6 2 38 "Przeciw" 0.58
"641" 641 34 3 1 2 38 "Za" 0.89
"642" 642 6 23 9 2 38 "Przeciw" 0.61
"643" 643 36 0 2 2 38 "Za" 0.95
"644" 644 35 1 1 3 37 "Za" 0.95
"645" 645 32 4 2 2 38 "Za" 0.84
"646" 646 15 21 2 2 38 "Przeciw" 0.55
"647" 647 9 26 3 2 38 "Przeciw" 0.68
"648" 648 33 2 2 3 37 "Za" 0.89
"649" 649 33 1 2 4 36 "Za" 0.92
"650" 650 5 31 1 3 37 "Przeciw" 0.84
"651" 651 37 0 1 2 38 "Za" 0.97
"652" 652 35 0 2 3 37 "Za" 0.95
"653" 653 35 0 2 3 37 "Za" 0.95
"654" 654 33 2 1 4 36 "Za" 0.92
"655" 655 32 1 0 7 33 "Za" 0.97
"656" 656 2 29 7 2 38 "Przeciw" 0.76
"657" 657 37 0 1 2 38 "Za" 0.97
"658" 658 2 34 0 4 36 "Przeciw" 0.94
"659" 659 1 30 1 8 32 "Przeciw" 0.94
"660" 660 0 34 2 4 36 "Przeciw" 0.94
"661" 661 33 1 1 5 35 "Za" 0.94
"662" 662 34 0 0 6 34 "Za" 1
"663" 663 0 33 2 5 35 "Przeciw" 0.94
"664" 664 2 29 1 8 32 "Przeciw" 0.91
"665" 665 26 4 1 9 31 "Za" 0.84
"666" 666 2 30 6 2 38 "Przeciw" 0.79
"667" 667 0 38 0 2 38 "Przeciw" 1
"668" 668 1 36 0 3 37 "Przeciw" 0.97
"669" 669 0 35 0 5 35 "Przeciw" 1
"670" 670 0 35 0 5 35 "Przeciw" 1
"671" 671 1 34 0 5 35 "Przeciw" 0.97
"672" 672 0 34 0 6 34 "Przeciw" 1
"673" 673 1 31 0 8 32 "Przeciw" 0.97
"674" 674 0 20 13 7 33 "Przeciw" 0.61
"675" 675 1 32 1 6 34 "Przeciw" 0.94
"676" 676 37 0 1 2 38 "Za" 0.97
"677" 677 0 37 1 2 38 "Przeciw" 0.97
"678" 678 27 8 1 4 36 "Za" 0.75
"679" 679 37 0 0 3 37 "Za" 1
"680" 680 38 0 0 2 38 "Za" 1
"681" 681 3 35 0 2 38 "Przeciw" 0.92
"682" 682 0 37 0 3 37 "Przeciw" 1
"683" 683 1 37 0 2 38 "Przeciw" 0.97
"684" 684 0 38 0 2 38 "Przeciw" 1
"685" 685 1 36 0 3 37 "Przeciw" 0.97
"686" 686 2 36 0 2 38 "Przeciw" 0.95
"687" 687 35 0 2 3 37 "Za" 0.95
"688" 688 1 35 0 4 36 "Przeciw" 0.97
"689" 689 1 37 0 2 38 "Przeciw" 0.97
"690" 690 36 1 0 3 37 "Za" 0.97
"691" 691 36 0 2 2 38 "Za" 0.95
"692" 692 2 35 0 3 37 "Przeciw" 0.95
"693" 693 2 33 0 5 35 "Przeciw" 0.94
"694" 694 0 37 0 3 37 "Przeciw" 1
"695" 695 1 36 0 3 37 "Przeciw" 0.97
"696" 696 0 38 0 2 38 "Przeciw" 1
"697" 697 3 33 0 4 36 "Przeciw" 0.92
"698" 698 37 0 0 3 37 "Za" 1
"699" 699 35 0 1 4 36 "Za" 0.97
"700" 700 35 0 0 5 35 "Za" 1
"701" 701 36 0 0 4 36 "Za" 1
"702" 702 38 0 0 2 38 "Za" 1
"703" 703 33 4 0 3 37 "Za" 0.89
"704" 704 31 4 0 5 35 "Za" 0.89
"705" 705 0 33 2 5 35 "Przeciw" 0.94
"706" 706 0 38 0 2 38 "Przeciw" 1
"707" 707 37 0 1 2 38 "Za" 0.97
"708" 708 0 38 0 2 38 "Przeciw" 1
"709" 709 0 37 0 3 37 "Przeciw" 1
"710" 710 0 38 0 2 38 "Przeciw" 1
"711" 711 1 36 0 3 37 "Przeciw" 0.97
"712" 712 3 33 0 4 36 "Przeciw" 0.92
"713" 713 37 0 0 3 37 "Za" 1
"714" 714 36 0 1 3 37 "Za" 0.97
"715" 715 29 6 1 4 36 "Za" 0.81
"716" 716 39 0 0 1 39 "Za" 1
"717" 717 2 36 2 0 40 "Przeciw" 0.9
"718" 718 14 2 24 0 40 "Wstrzyma³ siê" 0.6
"719" 719 2 1 37 0 40 "Wstrzyma³ siê" 0.92
"720" 720 35 1 4 0 40 "Za" 0.88
"721" 721 0 38 0 2 38 "Przeciw" 1
"722" 722 32 6 1 1 39 "Za" 0.82
"723" 723 29 7 4 0 40 "Za" 0.72
"724" 724 40 0 0 0 40 "Za" 1
"725" 725 0 37 3 0 40 "Przeciw" 0.92
"726" 726 14 11 13 2 38 "Za" 0.37
"727" 727 30 2 8 0 40 "Za" 0.75
"728" 728 5 16 19 0 40 "Wstrzyma³ siê" 0.48
"729" 729 17 10 13 0 40 "Za" 0.42
"730" 730 14 5 20 1 39 "Wstrzyma³ siê" 0.51
"731" 731 18 2 20 0 40 "Wstrzyma³ siê" 0.5
"732" 732 6 10 23 1 39 "Wstrzyma³ siê" 0.59
"733" 733 3 18 16 3 37 "Przeciw" 0.49
"734" 734 24 6 5 5 35 "Za" 0.69
"735" 735 7 23 9 1 39 "Przeciw" 0.59
"736" 736 13 6 20 1 39 "Wstrzyma³ siê" 0.51
"737" 737 5 18 17 0 40 "Przeciw" 0.45
"738" 738 4 15 17 4 36 "Wstrzyma³ siê" 0.47
"739" 739 6 15 18 1 39 "Wstrzyma³ siê" 0.46
"740" 740 7 14 17 2 38 "Wstrzyma³ siê" 0.45
"741" 741 7 16 16 1 39 "Przeciw" 0.41
"742" 742 6 21 12 1 39 "Przeciw" 0.54
"743" 743 10 13 17 0 40 "Wstrzyma³ siê" 0.42
"744" 744 10 10 15 5 35 "Wstrzyma³ siê" 0.43
"745" 745 15 8 17 0 40 "Wstrzyma³ siê" 0.42
"746" 746 15 10 14 1 39 "Za" 0.38
"747" 747 35 0 4 1 39 "Za" 0.9
"748" 748 29 1 10 0 40 "Za" 0.72
"749" 749 34 0 5 1 39 "Za" 0.87
"750" 750 3 21 15 1 39 "Przeciw" 0.54
"751" 751 35 1 1 3 37 "Za" 0.95
"752" 752 1 34 3 2 38 "Przeciw" 0.89
"753" 753 3 30 5 2 38 "Przeciw" 0.79
"754" 754 8 19 11 2 38 "Przeciw" 0.5
"755" 755 37 0 0 3 37 "Za" 1
"756" 756 9 1 27 3 37 "Wstrzyma³ siê" 0.73
"757" 757 35 0 2 3 37 "Za" 0.95
"758" 758 35 0 2 3 37 "Za" 0.95
"759" 759 0 36 0 4 36 "Przeciw" 1
"760" 760 0 36 0 4 36 "Przeciw" 1
"761" 761 0 35 0 5 35 "Przeciw" 1
"762" 762 0 36 0 4 36 "Przeciw" 1
"763" 763 0 35 0 5 35 "Przeciw" 1
"764" 764 0 36 0 4 36 "Przeciw" 1
"765" 765 0 35 0 5 35 "Przeciw" 1
"766" 766 0 34 0 6 34 "Przeciw" 1
"767" 767 1 27 4 8 32 "Przeciw" 0.84
"768" 768 0 33 2 5 35 "Przeciw" 0.94
"769" 769 18 15 2 5 35 "Za" 0.51
"770" 770 20 14 1 5 35 "Za" 0.57
"771" 771 0 35 0 5 35 "Przeciw" 1
"772" 772 5 27 3 5 35 "Przeciw" 0.77
"773" 773 8 18 10 4 36 "Przeciw" 0.5
"774" 774 1 31 4 4 36 "Przeciw" 0.86
"775" 775 2 33 0 5 35 "Przeciw" 0.94
"776" 776 1 33 2 4 36 "Przeciw" 0.92
"777" 777 27 6 3 4 36 "Za" 0.75
"778" 778 34 1 1 4 36 "Za" 0.94
"779" 779 29 4 3 4 36 "Za" 0.81
"780" 780 18 5 11 6 34 "Za" 0.53
"781" 781 4 31 0 5 35 "Przeciw" 0.89
"782" 782 33 0 3 4 36 "Za" 0.92
"783" 783 1 35 0 4 36 "Przeciw" 0.97
"784" 784 2 33 0 5 35 "Przeciw" 0.94
"785" 785 2 33 0 5 35 "Przeciw" 0.94
"786" 786 33 0 2 5 35 "Za" 0.94
"787" 787 25 9 1 5 35 "Za" 0.71
"788" 788 3 31 0 6 34 "Przeciw" 0.91
"789" 789 27 1 7 5 35 "Za" 0.77
"790" 790 1 30 4 5 35 "Przeciw" 0.86
"791" 791 0 35 0 5 35 "Przeciw" 1
"792" 792 7 28 1 4 36 "Przeciw" 0.78
"793" 793 33 0 1 6 34 "Za" 0.97
"794" 794 37 0 0 3 37 "Za" 1
"795" 795 2 34 1 3 37 "Przeciw" 0.92
"796" 796 0 33 2 5 35 "Przeciw" 0.94
"797" 797 0 35 2 3 37 "Przeciw" 0.95
"798" 798 0 34 2 4 36 "Przeciw" 0.94
"799" 799 9 21 7 3 37 "Przeciw" 0.57
"800" 800 34 0 3 3 37 "Za" 0.92
"801" 801 5 29 3 3 37 "Przeciw" 0.78
"802" 802 3 32 2 3 37 "Przeciw" 0.86
"803" 803 2 33 2 3 37 "Przeciw" 0.89
"804" 804 3 32 2 3 37 "Przeciw" 0.86
"805" 805 0 36 1 3 37 "Przeciw" 0.97
"806" 806 0 36 1 3 37 "Przeciw" 0.97
"807" 807 0 35 1 4 36 "Przeciw" 0.97
"808" 808 0 36 1 3 37 "Przeciw" 0.97
"809" 809 0 36 1 3 37 "Przeciw" 0.97
"810" 810 1 35 1 3 37 "Przeciw" 0.95
"811" 811 37 0 0 3 37 "Za" 1
"812" 812 0 36 1 3 37 "Przeciw" 0.97
"813" 813 36 0 1 3 37 "Za" 0.97
"814" 814 2 35 0 3 37 "Przeciw" 0.95
"815" 815 0 35 2 3 37 "Przeciw" 0.95
"816" 816 0 36 1 3 37 "Przeciw" 0.97
"817" 817 0 36 1 3 37 "Przeciw" 0.97
"818" 818 0 36 1 3 37 "Przeciw" 0.97
"819" 819 36 0 1 3 37 "Za" 0.97
"820" 820 2 35 0 3 37 "Przeciw" 0.95
"821" 821 2 32 3 3 37 "Przeciw" 0.86
"822" 822 0 34 3 3 37 "Przeciw" 0.92
"823" 823 36 1 0 3 37 "Za" 0.97
"824" 824 37 0 0 3 37 "Za" 1
"825" 825 0 32 5 3 37 "Przeciw" 0.86
"826" 826 37 0 0 3 37 "Za" 1
"827" 827 37 0 0 3 37 "Za" 1
"828" 828 37 0 0 3 37 "Za" 1
"829" 829 37 0 0 3 37 "Za" 1
"830" 830 37 0 0 3 37 "Za" 1
"831" 831 37 0 0 3 37 "Za" 1
"832" 832 2 1 34 3 37 "Wstrzyma³ siê" 0.92
"833" 833 19 16 1 4 36 "Za" 0.53
"834" 834 20 14 2 4 36 "Za" 0.56
"835" 835 17 14 5 4 36 "Za" 0.47
"836" 836 34 0 0 6 34 "Za" 1
"837" 837 37 0 1 2 38 "Za" 0.97
"838" 838 0 33 2 5 35 "Przeciw" 0.94
"839" 839 6 23 4 7 33 "Przeciw" 0.7
"840" 840 0 28 5 7 33 "Przeciw" 0.85
"841" 841 0 35 0 5 35 "Przeciw" 1
"842" 842 27 1 6 6 34 "Za" 0.79
"843" 843 30 1 4 5 35 "Za" 0.86
"844" 844 35 0 0 5 35 "Za" 1
"845" 845 32 1 3 4 36 "Za" 0.89
"846" 846 21 2 13 4 36 "Za" 0.58
"847" 847 6 23 7 4 36 "Przeciw" 0.64
"848" 848 5 26 4 5 35 "Przeciw" 0.74
"849" 849 7 25 3 5 35 "Przeciw" 0.71
"850" 850 6 26 4 4 36 "Przeciw" 0.72
"851" 851 2 29 4 5 35 "Przeciw" 0.83
"852" 852 0 36 0 4 36 "Przeciw" 1
"853" 853 0 36 0 4 36 "Przeciw" 1
"854" 854 0 36 0 4 36 "Przeciw" 1
"855" 855 1 35 0 4 36 "Przeciw" 0.97
"856" 856 17 2 17 4 36 "Za" 0.47
"857" 857 9 25 1 5 35 "Przeciw" 0.71
"858" 858 10 23 3 4 36 "Przeciw" 0.64
"859" 859 9 25 2 4 36 "Przeciw" 0.69
"860" 860 7 26 0 7 33 "Przeciw" 0.79
"861" 861 9 26 1 4 36 "Przeciw" 0.72
"862" 862 10 26 0 4 36 "Przeciw" 0.72
"863" 863 35 0 0 5 35 "Za" 1
"864" 864 35 0 0 5 35 "Za" 1
"865" 865 33 0 0 7 33 "Za" 1
"866" 866 34 1 1 4 36 "Za" 0.94
"867" 867 0 34 2 4 36 "Przeciw" 0.94
"868" 868 34 0 1 5 35 "Za" 0.97
"869" 869 35 0 1 4 36 "Za" 0.97
"870" 870 35 0 1 4 36 "Za" 0.97
"871" 871 1 34 1 4 36 "Przeciw" 0.94
"872" 872 1 35 0 4 36 "Przeciw" 0.97
"873" 873 34 0 1 5 35 "Za" 0.97
"874" 874 36 0 0 4 36 "Za" 1
"875" 875 35 0 0 5 35 "Za" 1
"876" 876 35 0 0 5 35 "Za" 1
"877" 877 34 0 1 5 35 "Za" 0.97
"878" 878 4 30 0 6 34 "Przeciw" 0.88
"879" 879 35 0 0 5 35 "Za" 1
"880" 880 35 0 0 5 35 "Za" 1
"881" 881 34 0 0 6 34 "Za" 1
"882" 882 0 0 32 8 32 "Wstrzyma³ siê" 1
"883" 883 0 34 0 6 34 "Przeciw" 1
"884" 884 33 0 1 6 34 "Za" 0.97
"885" 885 28 0 0 12 28 "Za" 1
"886" 886 17 18 1 4 36 "Przeciw" 0.5
"887" 887 36 0 0 4 36 "Za" 1
"888" 888 35 0 1 4 36 "Za" 0.97
"889" 889 4 6 27 3 37 "Wstrzyma³ siê" 0.73
"890" 890 2 26 6 6 34 "Przeciw" 0.76
"891" 891 34 0 1 5 35 "Za" 0.97
"892" 892 36 0 0 4 36 "Za" 1
"893" 893 0 35 1 4 36 "Przeciw" 0.97
"894" 894 1 5 30 4 36 "Wstrzyma³ siê" 0.83
"895" 895 36 0 0 4 36 "Za" 1
"896" 896 36 0 0 4 36 "Za" 1
"897" 897 36 0 0 4 36 "Za" 1
"898" 898 33 0 1 6 34 "Za" 0.97
"899" 899 0 30 6 4 36 "Przeciw" 0.83
"900" 900 31 2 3 4 36 "Za" 0.86
"901" 901 35 1 0 4 36 "Za" 0.97
"902" 902 34 0 1 5 35 "Za" 0.97
"903" 903 34 0 2 4 36 "Za" 0.94
"904" 904 35 0 2 3 37 "Za" 0.95
"905" 905 1 31 4 4 36 "Przeciw" 0.86
"906" 906 29 3 3 5 35 "Za" 0.83
"907" 907 1 32 3 4 36 "Przeciw" 0.89
"908" 908 1 33 3 3 37 "Przeciw" 0.89
"909" 909 5 29 3 3 37 "Przeciw" 0.78
"910" 910 28 6 3 3 37 "Za" 0.76
"911" 911 5 29 3 3 37 "Przeciw" 0.78
"912" 912 33 2 2 3 37 "Za" 0.89
"913" 913 1 33 3 3 37 "Przeciw" 0.89
"914" 914 1 33 3 3 37 "Przeciw" 0.89
"915" 915 1 33 3 3 37 "Przeciw" 0.89
"916" 916 1 32 3 4 36 "Przeciw" 0.89
"917" 917 27 6 3 4 36 "Za" 0.75
"918" 918 1 27 6 6 34 "Przeciw" 0.79
"919" 919 3 31 3 3 37 "Przeciw" 0.84
"920" 920 0 0 32 8 32 "Wstrzyma³ siê" 1
"921" 921 1 32 2 5 35 "Przeciw" 0.91
"922" 922 0 2 34 4 36 "Wstrzyma³ siê" 0.94
"923" 923 1 32 4 3 37 "Przeciw" 0.86
"924" 924 31 4 0 5 35 "Za" 0.89
"925" 925 0 37 0 3 37 "Przeciw" 1
"926" 926 0 37 0 3 37 "Przeciw" 1
"927" 927 0 34 0 6 34 "Przeciw" 1
"928" 928 30 7 0 3 37 "Za" 0.81
"929" 929 0 37 0 3 37 "Przeciw" 1
"930" 930 0 37 0 3 37 "Przeciw" 1
"931" 931 0 36 0 4 36 "Przeciw" 1
"932" 932 35 0 1 4 36 "Za" 0.97
"933" 933 0 36 0 4 36 "Przeciw" 1
"934" 934 0 36 0 4 36 "Przeciw" 1
"935" 935 0 37 0 3 37 "Przeciw" 1
"936" 936 0 34 0 6 34 "Przeciw" 1
"937" 937 0 31 1 8 32 "Przeciw" 0.97
"938" 938 0 27 1 12 28 "Przeciw" 0.96
"939" 939 0 21 0 19 21 "Przeciw" 1
"940" 940 0 34 0 6 34 "Przeciw" 1
"941" 941 0 37 0 3 37 "Przeciw" 1
"942" 942 0 37 0 3 37 "Przeciw" 1
"943" 943 0 37 0 3 37 "Przeciw" 1
"944" 944 0 37 0 3 37 "Przeciw" 1
"945" 945 0 37 0 3 37 "Przeciw" 1
"946" 946 0 37 0 3 37 "Przeciw" 1
"947" 947 0 36 0 4 36 "Przeciw" 1
"948" 948 35 2 0 3 37 "Za" 0.95
"949" 949 0 34 0 6 34 "Przeciw" 1
"950" 950 0 37 0 3 37 "Przeciw" 1
"951" 951 0 36 0 4 36 "Przeciw" 1
"952" 952 0 35 1 4 36 "Przeciw" 0.97
"953" 953 0 36 0 4 36 "Przeciw" 1
"954" 954 0 36 0 4 36 "Przeciw" 1
"955" 955 1 34 0 5 35 "Przeciw" 0.97
"956" 956 0 36 0 4 36 "Przeciw" 1
"957" 957 0 36 0 4 36 "Przeciw" 1
"958" 958 36 0 0 4 36 "Za" 1
"959" 959 0 36 0 4 36 "Przeciw" 1
"960" 960 0 36 0 4 36 "Przeciw" 1
"961" 961 0 33 0 7 33 "Przeciw" 1
"962" 962 0 34 0 6 34 "Przeciw" 1
"963" 963 1 28 6 5 35 "Przeciw" 0.8
"964" 964 36 0 0 4 36 "Za" 1
"965" 965 35 0 0 5 35 "Za" 1
"966" 966 22 7 5 6 34 "Za" 0.65
"967" 967 34 1 1 4 36 "Za" 0.94
"968" 968 1 3 32 4 36 "Wstrzyma³ siê" 0.89
"969" 969 33 0 0 7 33 "Za" 1
"970" 970 31 0 0 9 31 "Za" 1
"971" 971 0 31 1 8 32 "Przeciw" 0.97
"972" 972 2 33 0 5 35 "Przeciw" 0.94
"973" 973 6 19 10 5 35 "Przeciw" 0.54
"974" 974 6 0 29 5 35 "Wstrzyma³ siê" 0.83
"975" 975 34 0 2 4 36 "Za" 0.94
"976" 976 7 0 29 4 36 "Wstrzyma³ siê" 0.81
"977" 977 11 0 25 4 36 "Wstrzyma³ siê" 0.69
"978" 978 5 0 30 5 35 "Wstrzyma³ siê" 0.86
"979" 979 2 33 0 5 35 "Przeciw" 0.94
"980" 980 34 2 0 4 36 "Za" 0.94
"981" 981 2 34 0 4 36 "Przeciw" 0.94
"982" 982 3 32 1 4 36 "Przeciw" 0.89
"983" 983 3 33 0 4 36 "Przeciw" 0.92
"984" 984 3 33 0 4 36 "Przeciw" 0.92
"985" 985 4 32 0 4 36 "Przeciw" 0.89
"986" 986 36 0 0 4 36 "Za" 1
"987" 987 5 31 0 4 36 "Przeciw" 0.86
"988" 988 35 1 0 4 36 "Za" 0.97
"989" 989 34 0 0 6 34 "Za" 1
"990" 990 2 32 0 6 34 "Przeciw" 0.94
"991" 991 2 32 0 6 34 "Przeciw" 0.94
"992" 992 2 32 0 6 34 "Przeciw" 0.94
"993" 993 2 32 0 6 34 "Przeciw" 0.94
"994" 994 2 30 0 8 32 "Przeciw" 0.94
"995" 995 31 0 2 7 33 "Za" 0.94
"996" 996 23 10 3 4 36 "Za" 0.64
"997" 997 5 29 2 4 36 "Przeciw" 0.81
"998" 998 13 22 0 5 35 "Przeciw" 0.63
"999" 999 12 21 3 4 36 "Przeciw" 0.58
"1000" 1000 2 11 23 4 36 "Wstrzyma³ siê" 0.64
"1001" 1001 1 32 2 5 35 "Przeciw" 0.91
"1002" 1002 35 0 1 4 36 "Za" 0.97
"1003" 1003 4 17 15 4 36 "Przeciw" 0.47
"1004" 1004 35 0 1 4 36 "Za" 0.97
"1005" 1005 12 0 24 4 36 "Wstrzyma³ siê" 0.67
"1006" 1006 36 0 0 4 36 "Za" 1
"1007" 1007 8 28 0 4 36 "Przeciw" 0.78
"1008" 1008 36 0 0 4 36 "Za" 1
"1009" 1009 13 0 23 4 36 "Wstrzyma³ siê" 0.64
"1010" 1010 35 0 1 4 36 "Za" 0.97
"1011" 1011 36 0 0 4 36 "Za" 1
"1012" 1012 36 0 0 4 36 "Za" 1
"1013" 1013 36 0 0 4 36 "Za" 1
"1014" 1014 0 33 3 4 36 "Przeciw" 0.92
"1015" 1015 3 28 5 4 36 "Przeciw" 0.78
"1016" 1016 34 1 0 5 35 "Za" 0.97
"1017" 1017 35 0 1 4 36 "Za" 0.97
"1018" 1018 7 1 28 4 36 "Wstrzyma³ siê" 0.78
"1019" 1019 19 13 4 4 36 "Za" 0.53
"1020" 1020 35 0 1 4 36 "Za" 0.97
"1021" 1021 6 30 0 4 36 "Przeciw" 0.83
"1022" 1022 12 23 1 4 36 "Przeciw" 0.64
"1023" 1023 35 0 1 4 36 "Za" 0.97
"1024" 1024 4 32 0 4 36 "Przeciw" 0.89
"1025" 1025 2 34 0 4 36 "Przeciw" 0.94
"1026" 1026 36 0 0 4 36 "Za" 1
"1027" 1027 36 0 0 4 36 "Za" 1
"1028" 1028 1 0 6 33 7 "Wstrzyma³ siê" 0.86
"1029" 1029 35 0 0 5 35 "Za" 1
"1030" 1030 0 27 9 4 36 "Przeciw" 0.75
"1031" 1031 0 31 5 4 36 "Przeciw" 0.86
"1032" 1032 0 36 0 4 36 "Przeciw" 1
"1033" 1033 0 36 0 4 36 "Przeciw" 1
"1034" 1034 0 36 0 4 36 "Przeciw" 1
"1035" 1035 0 36 0 4 36 "Przeciw" 1
"1036" 1036 0 36 0 4 36 "Przeciw" 1
"1037" 1037 0 33 0 7 33 "Przeciw" 1
"1038" 1038 38 0 0 2 38 "Za" 1
"1039" 1039 39 0 0 1 39 "Za" 1
"1040" 1040 39 0 1 0 40 "Za" 0.98
"1041" 1041 0 37 0 3 37 "Przeciw" 1
"1042" 1042 38 1 1 0 40 "Za" 0.95
"1043" 1043 0 40 0 0 40 "Przeciw" 1
"1044" 1044 0 40 0 0 40 "Przeciw" 1
"1045" 1045 0 40 0 0 40 "Przeciw" 1
"1046" 1046 0 40 0 0 40 "Przeciw" 1
"1047" 1047 0 40 0 0 40 "Przeciw" 1
"1048" 1048 0 40 0 0 40 "Przeciw" 1
"1049" 1049 0 40 0 0 40 "Przeciw" 1
"1050" 1050 3 37 0 0 40 "Przeciw" 0.92
"1051" 1051 0 40 0 0 40 "Przeciw" 1
"1052" 1052 0 40 0 0 40 "Przeciw" 1
"1053" 1053 1 39 0 0 40 "Przeciw" 0.98
"1054" 1054 0 40 0 0 40 "Przeciw" 1
"1055" 1055 38 2 0 0 40 "Za" 0.95
"1056" 1056 1 39 0 0 40 "Przeciw" 0.98
"1057" 1057 0 40 0 0 40 "Przeciw" 1
"1058" 1058 0 39 0 1 39 "Przeciw" 1
"1059" 1059 0 40 0 0 40 "Przeciw" 1
"1060" 1060 0 40 0 0 40 "Przeciw" 1
"1061" 1061 0 40 0 0 40 "Przeciw" 1
"1062" 1062 0 40 0 0 40 "Przeciw" 1
"1063" 1063 37 3 0 0 40 "Za" 0.92
"1064" 1064 2 38 0 0 40 "Przeciw" 0.95
"1065" 1065 0 39 0 1 39 "Przeciw" 1
"1066" 1066 19 21 0 0 40 "Przeciw" 0.52
"1067" 1067 1 39 0 0 40 "Przeciw" 0.98
"1068" 1068 39 0 1 0 40 "Za" 0.98
"1069" 1069 0 38 2 0 40 "Przeciw" 0.95
"1070" 1070 0 37 3 0 40 "Przeciw" 0.92
"1071" 1071 40 0 0 0 40 "Za" 1
"1072" 1072 40 0 0 0 40 "Za" 1
"1073" 1073 40 0 0 0 40 "Za" 1
"1074" 1074 39 0 0 1 39 "Za" 1
"1075" 1075 0 36 3 1 39 "Przeciw" 0.92
"1076" 1076 4 0 36 0 40 "Wstrzyma³ siê" 0.9
"1077" 1077 40 0 0 0 40 "Za" 1
"1078" 1078 40 0 0 0 40 "Za" 1
"1079" 1079 39 0 1 0 40 "Za" 0.98
"1080" 1080 0 40 0 0 40 "Przeciw" 1
"1081" 1081 38 1 1 0 40 "Za" 0.95
"1082" 1082 0 39 0 1 39 "Przeciw" 1
"1083" 1083 29 0 11 0 40 "Za" 0.72
"1084" 1084 35 0 1 4 36 "Za" 0.97
"1085" 1085 36 0 0 4 36 "Za" 1
"1086" 1086 34 1 1 4 36 "Za" 0.94
"1087" 1087 36 0 0 4 36 "Za" 1
"1088" 1088 35 0 0 5 35 "Za" 1
"1089" 1089 27 6 1 3 34 "Za" 0.79
"1090" 1090 11 0 23 3 34 "Wstrzyma³ siê" 0.68
"1091" 1091 32 0 2 3 34 "Za" 0.94
"1092" 1092 3 1 30 3 34 "Wstrzyma³ siê" 0.88
"1093" 1093 31 1 2 3 34 "Za" 0.91
"1094" 1094 33 1 0 3 34 "Za" 0.97
"1095" 1095 31 0 2 4 33 "Za" 0.94
"1096" 1096 32 0 2 3 34 "Za" 0.94
"1097" 1097 33 1 0 3 34 "Za" 0.97
"1098" 1098 0 34 0 3 34 "Przeciw" 1
"1099" 1099 32 0 1 4 33 "Za" 0.97
"1100" 1100 0 33 0 4 33 "Przeciw" 1
"1101" 1101 0 34 0 3 34 "Przeciw" 1
"1102" 1102 0 32 1 4 33 "Przeciw" 0.97
"1103" 1103 0 33 1 3 34 "Przeciw" 0.97
"1104" 1104 0 34 0 3 34 "Przeciw" 1
"1105" 1105 0 34 0 3 34 "Przeciw" 1
"1106" 1106 32 0 2 3 34 "Za" 0.94
"1107" 1107 2 32 0 3 34 "Przeciw" 0.94
"1108" 1108 31 2 1 3 34 "Za" 0.91
"1109" 1109 0 34 0 3 34 "Przeciw" 1
"1110" 1110 0 33 0 4 33 "Przeciw" 1
"1111" 1111 1 33 0 3 34 "Przeciw" 0.97
"1112" 1112 1 32 0 4 33 "Przeciw" 0.97
"1113" 1113 6 1 27 3 34 "Wstrzyma³ siê" 0.79
"1114" 1114 0 26 7 4 33 "Przeciw" 0.79
"1115" 1115 23 10 0 4 33 "Za" 0.7
"1116" 1116 0 34 0 3 34 "Przeciw" 1
"1117" 1117 33 0 1 3 34 "Za" 0.97
"1118" 1118 1 31 2 3 34 "Przeciw" 0.91
"1119" 1119 31 1 1 4 33 "Za" 0.94
"1120" 1120 30 1 2 4 33 "Za" 0.91
"1121" 1121 1 33 0 3 34 "Przeciw" 0.97
"1122" 1122 10 24 0 3 34 "Przeciw" 0.71
"1123" 1123 3 30 1 3 34 "Przeciw" 0.88
"1124" 1124 0 34 0 3 34 "Przeciw" 1
"1125" 1125 0 8 26 3 34 "Wstrzyma³ siê" 0.76
"1126" 1126 34 0 0 3 34 "Za" 1
"1127" 1127 2 22 10 3 34 "Przeciw" 0.65
"1128" 1128 1 3 28 5 32 "Wstrzyma³ siê" 0.88
"1129" 1129 1 4 29 3 34 "Wstrzyma³ siê" 0.85
"1130" 1130 1 4 29 3 34 "Wstrzyma³ siê" 0.85
"1131" 1131 0 2 32 3 34 "Wstrzyma³ siê" 0.94
"1132" 1132 25 2 7 3 34 "Za" 0.74
"1133" 1133 32 0 2 3 34 "Za" 0.94
"1134" 1134 28 2 3 4 33 "Za" 0.85
"1135" 1135 0 36 0 2 36 "Przeciw" 1
"1136" 1136 1 34 1 2 36 "Przeciw" 0.94
"1137" 1137 32 2 0 3 34 "Za" 0.94
"1138" 1138 0 34 0 3 34 "Przeciw" 1
"1139" 1139 1 33 0 3 34 "Przeciw" 0.97
"1140" 1140 2 32 0 3 34 "Przeciw" 0.94
"1141" 1141 1 33 0 3 34 "Przeciw" 0.97
"1142" 1142 0 33 0 4 33 "Przeciw" 1
"1143" 1143 0 33 1 3 34 "Przeciw" 0.97
"1144" 1144 0 34 0 3 34 "Przeciw" 1
"1145" 1145 0 34 0 3 34 "Przeciw" 1
"1146" 1146 2 32 0 3 34 "Przeciw" 0.94
"1147" 1147 0 34 0 3 34 "Przeciw" 1
"1148" 1148 0 34 0 3 34 "Przeciw" 1
"1149" 1149 0 34 0 3 34 "Przeciw" 1
"1150" 1150 0 34 0 3 34 "Przeciw" 1
"1151" 1151 0 34 0 3 34 "Przeciw" 1
"1152" 1152 0 34 0 3 34 "Przeciw" 1
"1153" 1153 0 34 0 3 34 "Przeciw" 1
"1154" 1154 0 34 0 3 34 "Przeciw" 1
"1155" 1155 0 34 0 3 34 "Przeciw" 1
"1156" 1156 0 34 0 3 34 "Przeciw" 1
"1157" 1157 0 34 0 3 34 "Przeciw" 1
"1158" 1158 0 34 0 3 34 "Przeciw" 1
"1159" 1159 0 34 0 3 34 "Przeciw" 1
"1160" 1160 0 34 0 3 34 "Przeciw" 1
"1161" 1161 0 34 0 3 34 "Przeciw" 1
"1162" 1162 1 33 0 3 34 "Przeciw" 0.97
"1163" 1163 2 32 0 3 34 "Przeciw" 0.94
"1164" 1164 1 33 0 3 34 "Przeciw" 0.97
"1165" 1165 1 33 0 3 34 "Przeciw" 0.97
"1166" 1166 1 33 0 3 34 "Przeciw" 0.97
"1167" 1167 0 31 3 3 34 "Przeciw" 0.91
"1168" 1168 0 34 0 3 34 "Przeciw" 1
"1169" 1169 0 32 1 4 33 "Przeciw" 0.97
"1170" 1170 33 0 1 3 34 "Za" 0.97
"1171" 1171 33 0 1 3 34 "Za" 0.97
"1172" 1172 9 0 25 3 34 "Wstrzyma³ siê" 0.74
"1173" 1173 22 0 12 3 34 "Za" 0.65
"1174" 1174 15 1 18 3 34 "Wstrzyma³ siê" 0.53
"1175" 1175 30 2 2 3 34 "Za" 0.88
"1176" 1176 3 0 31 3 34 "Wstrzyma³ siê" 0.91
"1177" 1177 32 0 0 5 32 "Za" 1
"1178" 1178 32 0 2 3 34 "Za" 0.94
"1179" 1179 32 0 2 3 34 "Za" 0.94
"1180" 1180 32 0 2 3 34 "Za" 0.94
"1181" 1181 33 0 0 4 33 "Za" 1
"1182" 1182 34 0 0 3 34 "Za" 1
"1183" 1183 34 0 0 3 34 "Za" 1
"1184" 1184 32 0 0 5 32 "Za" 1
"1185" 1185 34 0 0 3 34 "Za" 1
"1186" 1186 34 0 0 3 34 "Za" 1
"1187" 1187 34 0 0 3 34 "Za" 1
"1188" 1188 34 0 0 3 34 "Za" 1
"1189" 1189 6 4 24 3 34 "Wstrzyma³ siê" 0.71
"1190" 1190 5 25 4 3 34 "Przeciw" 0.74
"1191" 1191 0 4 30 3 34 "Wstrzyma³ siê" 0.88
"1192" 1192 0 32 2 3 34 "Przeciw" 0.94
"1193" 1193 4 0 30 3 34 "Wstrzyma³ siê" 0.88
"1194" 1194 34 0 0 3 34 "Za" 1
"1195" 1195 29 4 1 3 34 "Za" 0.85
"1196" 1196 1 31 2 3 34 "Przeciw" 0.91
"1197" 1197 4 28 1 4 33 "Przeciw" 0.85
"1198" 1198 2 31 1 3 34 "Przeciw" 0.91
"1199" 1199 7 27 0 3 34 "Przeciw" 0.79
"1200" 1200 34 0 0 3 34 "Za" 1
"1201" 1201 5 2 27 3 34 "Wstrzyma³ siê" 0.79
"1202" 1202 1 33 0 3 34 "Przeciw" 0.97
"1203" 1203 2 0 28 7 30 "Wstrzyma³ siê" 0.93
"1204" 1204 32 1 1 3 34 "Za" 0.94
"1205" 1205 33 0 0 4 33 "Za" 1
"1206" 1206 31 0 0 6 31 "Za" 1
"1207" 1207 34 0 0 3 34 "Za" 1
"1208" 1208 33 0 0 4 33 "Za" 1
"1209" 1209 24 0 0 13 24 "Za" 1
"1210" 1210 23 0 0 14 23 "Za" 1
"1211" 1211 0 23 8 6 31 "Przeciw" 0.74
"1212" 1212 28 3 2 4 33 "Za" 0.85
"1213" 1213 32 1 0 4 33 "Za" 0.97
"1214" 1214 1 29 0 7 30 "Przeciw" 0.97
"1215" 1215 9 19 2 7 30 "Przeciw" 0.63
"1216" 1216 11 13 6 7 30 "Przeciw" 0.43
"1217" 1217 25 3 2 7 30 "Za" 0.83
"1218" 1218 4 25 1 7 30 "Przeciw" 0.83
"1219" 1219 29 0 0 7 29 "Za" 1
"1220" 1220 12 2 14 8 28 "Wstrzyma³ siê" 0.5
"1221" 1221 29 0 0 7 29 "Za" 1
"1222" 1222 7 21 0 8 28 "Przeciw" 0.75
"1223" 1223 29 0 0 7 29 "Za" 1
"1224" 1224 28 0 1 7 29 "Za" 0.97
"1225" 1225 29 0 0 7 29 "Za" 1
"1226" 1226 0 25 4 7 29 "Przeciw" 0.86
"1227" 1227 0 27 2 7 29 "Przeciw" 0.93
"1228" 1228 0 26 3 7 29 "Przeciw" 0.9
"1229" 1229 1 1 27 7 29 "Wstrzyma³ siê" 0.93
"1230" 1230 1 28 0 7 29 "Przeciw" 0.97
"1231" 1231 0 25 1 10 26 "Przeciw" 0.96
"1232" 1232 28 0 1 7 29 "Za" 0.97
"1233" 1233 26 1 2 7 29 "Za" 0.9
"1234" 1234 1 3 25 7 29 "Wstrzyma³ siê" 0.86
"1235" 1235 29 0 0 7 29 "Za" 1
"1236" 1236 29 0 0 7 29 "Za" 1
"1237" 1237 2 1 25 8 28 "Wstrzyma³ siê" 0.89
"1238" 1238 25 1 1 9 27 "Za" 0.93
"1239" 1239 28 0 0 8 28 "Za" 1
"1240" 1240 27 0 0 9 27 "Za" 1
"1241" 1241 25 0 2 9 27 "Za" 0.93
"1242" 1242 30 0 1 5 31 "Za" 0.97
"1243" 1243 3 26 3 4 32 "Przeciw" 0.81
"1244" 1244 2 0 29 5 31 "Wstrzyma³ siê" 0.94
"1245" 1245 19 6 3 8 28 "Za" 0.68
"1246" 1246 26 0 0 10 26 "Za" 1
"1247" 1247 0 31 0 5 31 "Przeciw" 1
"1248" 1248 0 31 0 5 31 "Przeciw" 1
"1249" 1249 0 31 0 5 31 "Przeciw" 1
"1250" 1250 0 31 0 5 31 "Przeciw" 1
"1251" 1251 0 30 0 6 30 "Przeciw" 1
"1252" 1252 0 31 0 5 31 "Przeciw" 1
"1253" 1253 0 31 0 5 31 "Przeciw" 1
"1254" 1254 1 30 0 5 31 "Przeciw" 0.97
"1255" 1255 0 31 0 5 31 "Przeciw" 1
"1256" 1256 0 31 0 5 31 "Przeciw" 1
"1257" 1257 0 31 0 5 31 "Przeciw" 1
"1258" 1258 0 31 0 5 31 "Przeciw" 1
"1259" 1259 0 31 0 5 31 "Przeciw" 1
"1260" 1260 0 31 0 5 31 "Przeciw" 1
"1261" 1261 0 3 28 5 31 "Wstrzyma³ siê" 0.9
"1262" 1262 1 30 0 5 31 "Przeciw" 0.97
"1263" 1263 31 0 0 5 31 "Za" 1
"1264" 1264 1 24 5 6 30 "Przeciw" 0.8
"1265" 1265 29 0 1 6 30 "Za" 0.97
"1266" 1266 27 4 0 5 31 "Za" 0.87
"1267" 1267 2 29 0 5 31 "Przeciw" 0.94
"1268" 1268 30 1 0 5 31 "Za" 0.97
"1269" 1269 30 1 0 5 31 "Za" 0.97
"1270" 1270 4 27 0 5 31 "Przeciw" 0.87
"1271" 1271 32 0 0 4 32 "Za" 1
"1272" 1272 28 0 4 4 32 "Za" 0.88
"1273" 1273 28 0 3 5 31 "Za" 0.9
"1274" 1274 10 22 0 4 32 "Przeciw" 0.69
"1275" 1275 2 30 0 4 32 "Przeciw" 0.94
"1276" 1276 0 32 0 4 32 "Przeciw" 1
"1277" 1277 1 0 31 4 32 "Wstrzyma³ siê" 0.97
"1278" 1278 32 0 0 4 32 "Za" 1
"1279" 1279 32 0 0 4 32 "Za" 1
"1280" 1280 32 0 0 4 32 "Za" 1
"1281" 1281 32 0 0 4 32 "Za" 1
"1282" 1282 2 28 1 5 31 "Przeciw" 0.9
"1283" 1283 24 3 5 4 32 "Za" 0.75
"1284" 1284 9 4 17 6 30 "Wstrzyma³ siê" 0.57
"1285" 1285 32 0 1 3 33 "Za" 0.97
"1286" 1286 25 1 7 3 33 "Za" 0.76
"1287" 1287 0 2 30 4 32 "Wstrzyma³ siê" 0.94
"1288" 1288 0 1 33 2 34 "Wstrzyma³ siê" 0.97
"1289" 1289 0 1 33 2 34 "Wstrzyma³ siê" 0.97
"1290" 1290 0 1 33 2 34 "Wstrzyma³ siê" 0.97
"1291" 1291 0 1 32 3 33 "Wstrzyma³ siê" 0.97
"1292" 1292 0 1 33 2 34 "Wstrzyma³ siê" 0.97
"1293" 1293 0 1 33 2 34 "Wstrzyma³ siê" 0.97
"1294" 1294 0 1 32 3 33 "Wstrzyma³ siê" 0.97
"1295" 1295 0 1 33 2 34 "Wstrzyma³ siê" 0.97
"1296" 1296 4 1 29 2 34 "Wstrzyma³ siê" 0.85
"1297" 1297 31 2 1 2 34 "Za" 0.91
"1298" 1298 0 34 0 2 34 "Przeciw" 1
"1299" 1299 4 29 2 1 35 "Przeciw" 0.83
"1300" 1300 27 1 7 1 35 "Za" 0.77
"1301" 1301 19 0 16 1 35 "Za" 0.54
"1302" 1302 1 1 33 1 35 "Wstrzyma³ siê" 0.94
"1303" 1303 31 1 2 2 34 "Za" 0.91
"1304" 1304 0 35 0 1 35 "Przeciw" 1
"1305" 1305 0 34 0 2 34 "Przeciw" 1
"1306" 1306 1 33 1 1 35 "Przeciw" 0.94
"1307" 1307 30 2 2 2 34 "Za" 0.88
"1308" 1308 18 13 4 1 35 "Za" 0.51
"1309" 1309 1 32 0 3 33 "Przeciw" 0.97
"1310" 1310 23 8 2 3 33 "Za" 0.7
"1311" 1311 32 0 1 3 33 "Za" 0.97
"1312" 1312 0 33 0 3 33 "Przeciw" 1
"1313" 1313 0 32 1 3 33 "Przeciw" 0.97
"1314" 1314 32 0 0 4 32 "Za" 1
"1315" 1315 0 32 0 4 32 "Przeciw" 1
"1316" 1316 0 33 0 3 33 "Przeciw" 1
"1317" 1317 0 33 0 3 33 "Przeciw" 1
"1318" 1318 0 32 0 4 32 "Przeciw" 1
"1319" 1319 0 33 0 3 33 "Przeciw" 1
"1320" 1320 32 0 1 3 33 "Za" 0.97
"1321" 1321 0 33 0 3 33 "Przeciw" 1
"1322" 1322 0 33 0 3 33 "Przeciw" 1
"1323" 1323 1 4 28 3 33 "Wstrzyma³ siê" 0.85
"1324" 1324 0 6 25 5 31 "Wstrzyma³ siê" 0.81
"1325" 1325 0 33 0 3 33 "Przeciw" 1
"1326" 1326 0 33 0 3 33 "Przeciw" 1
"1327" 1327 0 32 1 3 33 "Przeciw" 0.97
"1328" 1328 0 33 0 3 33 "Przeciw" 1
"1329" 1329 0 32 1 3 33 "Przeciw" 0.97
"1330" 1330 0 33 0 3 33 "Przeciw" 1
"1331" 1331 0 33 0 3 33 "Przeciw" 1
"1332" 1332 0 33 0 3 33 "Przeciw" 1
"1333" 1333 0 33 0 3 33 "Przeciw" 1
"1334" 1334 0 30 1 5 31 "Przeciw" 0.97
"1335" 1335 0 6 27 3 33 "Wstrzyma³ siê" 0.82
"1336" 1336 0 4 28 4 32 "Wstrzyma³ siê" 0.88
"1337" 1337 0 32 0 4 32 "Przeciw" 1
"1338" 1338 0 32 0 4 32 "Przeciw" 1
"1339" 1339 0 33 0 3 33 "Przeciw" 1
"1340" 1340 0 32 0 4 32 "Przeciw" 1
"1341" 1341 0 33 0 3 33 "Przeciw" 1
"1342" 1342 0 32 1 3 33 "Przeciw" 0.97
"1343" 1343 2 20 11 3 33 "Przeciw" 0.61
"1344" 1344 5 3 25 3 33 "Wstrzyma³ siê" 0.76
"1345" 1345 0 1 31 4 32 "Wstrzyma³ siê" 0.97
"1346" 1346 0 32 0 4 32 "Przeciw" 1
"1347" 1347 0 31 0 5 31 "Przeciw" 1
"1348" 1348 0 28 1 7 29 "Przeciw" 0.97
"1349" 1349 0 29 0 7 29 "Przeciw" 1
"1350" 1350 26 0 2 8 28 "Za" 0.93
"1351" 1351 1 29 2 4 32 "Przeciw" 0.91
"1352" 1352 30 0 3 3 33 "Za" 0.91
"1353" 1353 30 0 3 3 33 "Za" 0.91
"1354" 1354 30 0 3 3 33 "Za" 0.91
"1355" 1355 26 0 4 6 30 "Za" 0.87
"1356" 1356 28 1 2 5 31 "Za" 0.9
"1357" 1357 30 1 0 5 31 "Za" 0.97
"1358" 1358 0 32 0 4 32 "Przeciw" 1
"1359" 1359 0 27 0 9 27 "Przeciw" 1
"1360" 1360 8 17 7 4 32 "Przeciw" 0.53
"1361" 1361 16 9 8 3 33 "Za" 0.48
"1362" 1362 32 0 0 4 32 "Za" 1
"1363" 1363 33 0 0 3 33 "Za" 1
"1364" 1364 33 0 0 3 33 "Za" 1
"1365" 1365 32 0 0 4 32 "Za" 1
"1366" 1366 32 0 0 4 32 "Za" 1
"1367" 1367 30 1 1 4 32 "Za" 0.94
"1368" 1368 31 1 0 4 32 "Za" 0.97
"1369" 1369 29 0 0 7 29 "Za" 1
"1370" 1370 29 0 0 7 29 "Za" 1
"1371" 1371 2 5 20 9 27 "Wstrzyma³ siê" 0.74
"1372" 1372 1 26 2 7 29 "Przeciw" 0.9
"1373" 1373 1 26 2 7 29 "Przeciw" 0.9
"1374" 1374 1 4 27 4 32 "Wstrzyma³ siê" 0.84
"1375" 1375 2 30 0 4 32 "Przeciw" 0.94
"1376" 1376 2 30 0 4 32 "Przeciw" 0.94
"1377" 1377 0 30 2 4 32 "Przeciw" 0.94
"1378" 1378 1 32 0 3 33 "Przeciw" 0.97
"1379" 1379 1 32 0 3 33 "Przeciw" 0.97
"1380" 1380 33 0 0 3 33 "Za" 1
"1381" 1381 0 33 0 3 33 "Przeciw" 1
"1382" 1382 33 0 0 3 33 "Za" 1
"1383" 1383 1 31 0 4 32 "Przeciw" 0.97
"1384" 1384 2 29 2 3 33 "Przeciw" 0.88
"1385" 1385 2 0 31 3 33 "Wstrzyma³ siê" 0.94
"1386" 1386 1 30 1 4 32 "Przeciw" 0.94
"1387" 1387 1 31 0 4 32 "Przeciw" 0.97
"1388" 1388 0 1 29 6 30 "Wstrzyma³ siê" 0.97
"1389" 1389 1 1 29 5 31 "Wstrzyma³ siê" 0.94
"1390" 1390 1 31 0 4 32 "Przeciw" 0.97
"1391" 1391 0 30 0 6 30 "Przeciw" 1
"1392" 1392 0 28 1 7 29 "Przeciw" 0.97
"1393" 1393 2 27 0 7 29 "Przeciw" 0.93
"1394" 1394 31 0 0 5 31 "Za" 1
"1395" 1395 28 0 0 8 28 "Za" 1
"1396" 1396 4 21 1 10 26 "Przeciw" 0.81
"1397" 1397 25 0 7 4 32 "Za" 0.78
"1398" 1398 28 0 1 7 29 "Za" 0.97
"1399" 1399 26 0 3 7 29 "Za" 0.9
"1400" 1400 13 3 16 4 32 "Wstrzyma³ siê" 0.5
"1401" 1401 30 2 0 4 32 "Za" 0.94
"1402" 1402 1 33 0 2 34 "Przeciw" 0.97
"1403" 1403 3 23 5 5 31 "Przeciw" 0.74
"1404" 1404 13 4 18 1 35 "Wstrzyma³ siê" 0.51
"1405" 1405 35 0 0 1 35 "Za" 1
"1406" 1406 35 0 0 1 35 "Za" 1
"1407" 1407 35 0 0 1 35 "Za" 1
"1408" 1408 34 0 0 2 34 "Za" 1
"1409" 1409 1 29 5 1 35 "Przeciw" 0.83
"1410" 1410 5 0 30 1 35 "Wstrzyma³ siê" 0.86
"1411" 1411 35 0 0 1 35 "Za" 1
"1412" 1412 35 0 0 1 35 "Za" 1
"1413" 1413 9 0 26 1 35 "Wstrzyma³ siê" 0.74
"1414" 1414 35 0 0 1 35 "Za" 1
"1415" 1415 2 0 32 2 34 "Wstrzyma³ siê" 0.94
"1416" 1416 35 0 0 1 35 "Za" 1
"1417" 1417 35 0 0 1 35 "Za" 1
"1418" 1418 35 0 0 1 35 "Za" 1
"1419" 1419 35 0 0 1 35 "Za" 1
"1420" 1420 32 0 0 4 32 "Za" 1
"1421" 1421 0 33 0 3 33 "Przeciw" 1
"1422" 1422 0 29 3 4 32 "Przeciw" 0.91
"1423" 1423 34 1 0 1 35 "Za" 0.97
"1424" 1424 35 0 0 1 35 "Za" 1
"1425" 1425 35 0 0 1 35 "Za" 1
"1426" 1426 0 0 35 1 35 "Wstrzyma³ siê" 1
"1427" 1427 0 35 0 1 35 "Przeciw" 1
"1428" 1428 0 34 1 1 35 "Przeciw" 0.97
"1429" 1429 35 0 0 1 35 "Za" 1
"1430" 1430 35 0 0 1 35 "Za" 1
"1431" 1431 0 28 5 3 33 "Przeciw" 0.85
"1432" 1432 31 0 2 3 33 "Za" 0.94
"1433" 1433 31 0 3 2 34 "Za" 0.91
"1434" 1434 34 0 0 2 34 "Za" 1
"1435" 1435 0 12 22 2 34 "Wstrzyma³ siê" 0.65
"1436" 1436 31 2 1 2 34 "Za" 0.91
"1437" 1437 34 0 0 2 34 "Za" 1
"1438" 1438 34 0 0 2 34 "Za" 1
"1439" 1439 33 0 0 3 33 "Za" 1
"1440" 1440 0 33 0 3 33 "Przeciw" 1
"1441" 1441 33 0 0 3 33 "Za" 1
"1442" 1442 33 0 0 3 33 "Za" 1
"1443" 1443 1 0 32 3 33 "Wstrzyma³ siê" 0.97
"1444" 1444 1 0 32 3 33 "Wstrzyma³ siê" 0.97
"1445" 1445 1 0 32 3 33 "Wstrzyma³ siê" 0.97
"1446" 1446 33 0 0 3 33 "Za" 1
"1447" 1447 32 0 0 4 32 "Za" 1
"1448" 1448 33 0 0 3 33 "Za" 1
"1449" 1449 32 1 0 3 33 "Za" 0.97
"1450" 1450 32 1 0 3 33 "Za" 0.97
"1451" 1451 16 5 12 3 33 "Za" 0.48
"1452" 1452 0 20 13 3 33 "Przeciw" 0.61
"1453" 1453 33 0 0 3 33 "Za" 1
"1454" 1454 19 3 11 3 33 "Za" 0.58
"1455" 1455 11 0 22 3 33 "Wstrzyma³ siê" 0.67
"1456" 1456 28 0 5 3 33 "Za" 0.85
"1457" 1457 32 0 1 3 33 "Za" 0.97
"1458" 1458 32 0 1 3 33 "Za" 0.97
"1459" 1459 30 1 1 4 32 "Za" 0.94
"1460" 1460 0 32 1 3 33 "Przeciw" 0.97
"1461" 1461 0 32 1 3 33 "Przeciw" 0.97
"1462" 1462 0 32 1 3 33 "Przeciw" 0.97
"1463" 1463 0 18 15 3 33 "Przeciw" 0.55
"1464" 1464 23 7 3 3 33 "Za" 0.7
"1465" 1465 0 30 3 3 33 "Przeciw" 0.91
"1466" 1466 30 1 1 4 32 "Za" 0.94
"1467" 1467 30 1 2 3 33 "Za" 0.91
"1468" 1468 1 30 2 3 33 "Przeciw" 0.91
"1469" 1469 0 30 3 3 33 "Przeciw" 0.91
"1470" 1470 30 0 3 3 33 "Za" 0.91
"1471" 1471 2 27 4 3 33 "Przeciw" 0.82
"1472" 1472 0 22 11 3 33 "Przeciw" 0.67
"1473" 1473 33 0 0 3 33 "Za" 1
"1474" 1474 27 0 5 4 32 "Za" 0.84
"1475" 1475 32 0 0 4 32 "Za" 1
"1476" 1476 31 0 0 5 31 "Za" 1
"1477" 1477 30 0 0 6 30 "Za" 1
"1478" 1478 32 0 0 4 32 "Za" 1
"1479" 1479 31 0 0 5 31 "Za" 1
"1480" 1480 0 1 30 5 31 "Wstrzyma³ siê" 0.97
"1481" 1481 30 0 1 5 31 "Za" 0.97
"1482" 1482 1 30 0 5 31 "Przeciw" 0.97
"1483" 1483 0 31 0 5 31 "Przeciw" 1
"1484" 1484 3 28 0 5 31 "Przeciw" 0.9
"1485" 1485 31 0 0 5 31 "Za" 1
"1486" 1486 0 31 0 5 31 "Przeciw" 1
"1487" 1487 31 0 0 5 31 "Za" 1
"1488" 1488 31 0 0 5 31 "Za" 1
"1489" 1489 31 0 0 5 31 "Za" 1
"1490" 1490 27 3 0 6 30 "Za" 0.9
"1491" 1491 15 15 0 6 30 "Za" 0.5
"1492" 1492 29 0 0 7 29 "Za" 1
"1493" 1493 28 0 0 8 28 "Za" 1
"1494" 1494 27 0 3 6 30 "Za" 0.9
"1495" 1495 1 7 24 4 32 "Wstrzyma³ siê" 0.75
"1496" 1496 21 6 5 4 32 "Za" 0.66
"1497" 1497 1 5 25 5 31 "Wstrzyma³ siê" 0.81
"1498" 1498 28 1 3 4 32 "Za" 0.88
"1499" 1499 0 32 0 4 32 "Przeciw" 1
"1500" 1500 0 32 0 4 32 "Przeciw" 1
"1501" 1501 0 31 0 5 31 "Przeciw" 1
"1502" 1502 0 32 0 4 32 "Przeciw" 1
"1503" 1503 0 27 3 6 30 "Przeciw" 0.9
"1504" 1504 0 32 0 4 32 "Przeciw" 1
"1505" 1505 0 32 0 4 32 "Przeciw" 1
"1506" 1506 0 31 0 5 31 "Przeciw" 1
"1507" 1507 0 32 0 4 32 "Przeciw" 1
"1508" 1508 0 32 0 4 32 "Przeciw" 1
"1509" 1509 20 11 0 5 31 "Za" 0.65
"1510" 1510 0 32 0 4 32 "Przeciw" 1
"1511" 1511 0 32 0 4 32 "Przeciw" 1
"1512" 1512 0 32 0 4 32 "Przeciw" 1
"1513" 1513 0 31 0 5 31 "Przeciw" 1
"1514" 1514 0 29 0 7 29 "Przeciw" 1
"1515" 1515 0 32 0 4 32 "Przeciw" 1
"1516" 1516 0 32 0 4 32 "Przeciw" 1
"1517" 1517 0 30 0 6 30 "Przeciw" 1
"1518" 1518 0 31 0 5 31 "Przeciw" 1
"1519" 1519 0 32 0 4 32 "Przeciw" 1
"1520" 1520 0 31 0 5 31 "Przeciw" 1
"1521" 1521 0 31 0 5 31 "Przeciw" 1
"1522" 1522 0 31 0 5 31 "Przeciw" 1
"1523" 1523 0 31 0 5 31 "Przeciw" 1
"1524" 1524 0 32 0 4 32 "Przeciw" 1
"1525" 1525 0 32 0 4 32 "Przeciw" 1
"1526" 1526 0 32 0 4 32 "Przeciw" 1
"1527" 1527 0 32 0 4 32 "Przeciw" 1
"1528" 1528 0 32 0 4 32 "Przeciw" 1
"1529" 1529 0 32 0 4 32 "Przeciw" 1
"1530" 1530 0 32 0 4 32 "Przeciw" 1
"1531" 1531 0 32 0 4 32 "Przeciw" 1
"1532" 1532 0 32 0 4 32 "Przeciw" 1
"1533" 1533 0 32 0 4 32 "Przeciw" 1
"1534" 1534 0 32 0 4 32 "Przeciw" 1
"1535" 1535 0 32 0 4 32 "Przeciw" 1
"1536" 1536 0 32 0 4 32 "Przeciw" 1
"1537" 1537 0 32 0 4 32 "Przeciw" 1
"1538" 1538 0 32 0 4 32 "Przeciw" 1
"1539" 1539 0 32 0 4 32 "Przeciw" 1
"1540" 1540 0 32 0 4 32 "Przeciw" 1
"1541" 1541 0 32 0 4 32 "Przeciw" 1
"1542" 1542 0 31 0 5 31 "Przeciw" 1
"1543" 1543 0 31 0 5 31 "Przeciw" 1
"1544" 1544 0 32 0 4 32 "Przeciw" 1
"1545" 1545 0 28 0 8 28 "Przeciw" 1
"1546" 1546 0 32 0 4 32 "Przeciw" 1
"1547" 1547 0 31 0 5 31 "Przeciw" 1
"1548" 1548 0 32 0 4 32 "Przeciw" 1
"1549" 1549 0 32 0 4 32 "Przeciw" 1
"1550" 1550 0 32 0 4 32 "Przeciw" 1
"1551" 1551 0 32 0 4 32 "Przeciw" 1
"1552" 1552 0 32 0 4 32 "Przeciw" 1
"1553" 1553 0 32 0 4 32 "Przeciw" 1
"1554" 1554 27 4 0 5 31 "Za" 0.87
"1555" 1555 0 31 0 5 31 "Przeciw" 1
"1556" 1556 0 31 0 5 31 "Przeciw" 1
"1557" 1557 0 31 0 5 31 "Przeciw" 1
"1558" 1558 0 31 0 5 31 "Przeciw" 1
"1559" 1559 0 31 0 5 31 "Przeciw" 1
"1560" 1560 0 31 0 5 31 "Przeciw" 1
"1561" 1561 0 31 0 5 31 "Przeciw" 1
"1562" 1562 0 31 0 5 31 "Przeciw" 1
"1563" 1563 0 31 0 5 31 "Przeciw" 1
"1564" 1564 0 30 0 6 30 "Przeciw" 1
"1565" 1565 0 30 0 6 30 "Przeciw" 1
"1566" 1566 0 31 0 5 31 "Przeciw" 1
"1567" 1567 0 31 0 5 31 "Przeciw" 1
"1568" 1568 0 30 0 6 30 "Przeciw" 1
"1569" 1569 0 31 0 5 31 "Przeciw" 1
"1570" 1570 30 1 0 5 31 "Za" 0.97
"1571" 1571 0 31 0 5 31 "Przeciw" 1
"1572" 1572 31 0 0 5 31 "Za" 1
"1573" 1573 0 31 0 5 31 "Przeciw" 1
"1574" 1574 0 31 0 5 31 "Przeciw" 1
"1575" 1575 0 31 0 5 31 "Przeciw" 1
"1576" 1576 0 31 0 5 31 "Przeciw" 1
"1577" 1577 0 31 0 5 31 "Przeciw" 1
"1578" 1578 0 31 0 5 31 "Przeciw" 1
"1579" 1579 0 31 0 5 31 "Przeciw" 1
"1580" 1580 0 30 0 6 30 "Przeciw" 1
"1581" 1581 0 31 0 5 31 "Przeciw" 1
"1582" 1582 0 31 0 5 31 "Przeciw" 1
"1583" 1583 0 31 0 5 31 "Przeciw" 1
"1584" 1584 0 31 0 5 31 "Przeciw" 1
"1585" 1585 26 3 0 7 29 "Za" 0.9
"1586" 1586 27 0 0 9 27 "Za" 1
"1587" 1587 29 0 0 7 29 "Za" 1
"1588" 1588 14 1 14 7 29 "Za" 0.48
"1589" 1589 28 0 3 5 31 "Za" 0.9
"1590" 1590 30 1 0 5 31 "Za" 0.97
"1591" 1591 31 0 0 5 31 "Za" 1
"1592" 1592 31 0 0 5 31 "Za" 1
"1593" 1593 31 0 0 5 31 "Za" 1
"1594" 1594 29 0 0 7 29 "Za" 1
"1595" 1595 30 0 0 6 30 "Za" 1
"1596" 1596 30 0 0 6 30 "Za" 1
"1597" 1597 31 0 0 5 31 "Za" 1
"1598" 1598 0 29 2 5 31 "Przeciw" 0.94
"1599" 1599 1 0 28 7 29 "Wstrzyma³ siê" 0.97
"1600" 1600 1 0 30 5 31 "Wstrzyma³ siê" 0.97
"1601" 1601 31 0 0 5 31 "Za" 1
"1602" 1602 31 0 0 5 31 "Za" 1
"1603" 1603 1 0 31 4 32 "Wstrzyma³ siê" 0.97
"1604" 1604 0 10 22 4 32 "Wstrzyma³ siê" 0.69
"1605" 1605 0 32 0 4 32 "Przeciw" 1
"1606" 1606 2 30 0 4 32 "Przeciw" 0.94
"1607" 1607 32 0 0 4 32 "Za" 1
"1608" 1608 32 0 0 4 32 "Za" 1
"1609" 1609 32 0 0 4 32 "Za" 1
"1610" 1610 32 0 0 4 32 "Za" 1
"1611" 1611 31 0 1 4 32 "Za" 0.97
"1612" 1612 31 0 1 4 32 "Za" 0.97
"1613" 1613 31 0 1 4 32 "Za" 0.97
"1614" 1614 0 32 0 4 32 "Przeciw" 1
"1615" 1615 0 32 0 4 32 "Przeciw" 1
"1616" 1616 1 0 1 34 2 "Za" 0.5
"1617" 1617 1 0 0 35 1 "Za" 1
"1618" 1618 1 0 0 35 1 "Za" 1
"1619" 1619 0 1 0 35 1 "Przeciw" 1
"1620" 1620 6 0 1 29 7 "Za" 0.86
"1621" 1621 0 28 1 7 29 "Przeciw" 0.97
"1622" 1622 28 0 2 6 30 "Za" 0.93
"1623" 1623 0 30 1 5 31 "Przeciw" 0.97
"1624" 1624 31 0 0 5 31 "Za" 1
"1625" 1625 31 0 1 4 32 "Za" 0.97
"1626" 1626 0 28 1 7 29 "Przeciw" 0.97
"1627" 1627 2 29 1 4 32 "Przeciw" 0.91
"1628" 1628 28 3 1 4 32 "Za" 0.88
"1629" 1629 30 0 1 5 31 "Za" 0.97
"1630" 1630 31 0 1 4 32 "Za" 0.97
"1631" 1631 29 2 1 4 32 "Za" 0.91
"1632" 1632 0 31 1 4 32 "Przeciw" 0.97
"1633" 1633 0 30 1 5 31 "Przeciw" 0.97
"1634" 1634 26 0 2 8 28 "Za" 0.93
"1635" 1635 26 1 2 7 29 "Za" 0.9
"1636" 1636 1 8 21 6 30 "Wstrzyma³ siê" 0.7
"1637" 1637 30 1 1 4 32 "Za" 0.94
"1638" 1638 33 0 1 2 34 "Za" 0.97
"1639" 1639 33 0 1 2 34 "Za" 0.97
"1640" 1640 30 2 1 3 33 "Za" 0.91
"1641" 1641 0 1 33 2 34 "Wstrzyma³ siê" 0.97
"1642" 1642 0 33 1 2 34 "Przeciw" 0.97
"1643" 1643 0 33 1 2 34 "Przeciw" 0.97
"1644" 1644 1 32 1 2 34 "Przeciw" 0.94
"1645" 1645 0 33 1 2 34 "Przeciw" 0.97
"1646" 1646 23 4 1 8 28 "Za" 0.82
"1647" 1647 0 33 1 2 34 "Przeciw" 0.97
"1648" 1648 0 32 0 4 32 "Przeciw" 1
"1649" 1649 0 33 1 2 34 "Przeciw" 0.97
"1650" 1650 0 33 1 2 34 "Przeciw" 0.97
"1651" 1651 0 33 1 2 34 "Przeciw" 0.97
"1652" 1652 32 0 0 4 32 "Za" 1
"1653" 1653 0 1 31 4 32 "Wstrzyma³ siê" 0.97
"1654" 1654 0 33 1 2 34 "Przeciw" 0.97
"1655" 1655 34 0 0 2 34 "Za" 1
"1656" 1656 1 33 0 2 34 "Przeciw" 0.97
"1657" 1657 27 0 1 8 28 "Za" 0.96
"1658" 1658 0 34 0 2 34 "Przeciw" 1
"1659" 1659 0 34 0 2 34 "Przeciw" 1
"1660" 1660 2 0 31 3 33 "Wstrzyma³ siê" 0.94
"1661" 1661 1 0 33 2 34 "Wstrzyma³ siê" 0.97
"1662" 1662 34 0 0 2 34 "Za" 1
"1663" 1663 33 0 0 3 33 "Za" 1
"1664" 1664 34 0 0 2 34 "Za" 1
"1665" 1665 3 19 11 3 33 "Przeciw" 0.58
"1666" 1666 0 31 3 2 34 "Przeciw" 0.91
"1667" 1667 16 9 8 3 33 "Za" 0.48
"1668" 1668 33 0 0 3 33 "Za" 1
"1669" 1669 32 0 0 4 32 "Za" 1
"1670" 1670 0 31 1 4 32 "Przeciw" 0.97
"1671" 1671 32 0 0 4 32 "Za" 1
"1672" 1672 31 0 0 5 31 "Za" 1
"1673" 1673 29 0 0 7 29 "Za" 1
"1674" 1674 30 0 0 6 30 "Za" 1
"1675" 1675 28 3 0 5 31 "Za" 0.9
"1676" 1676 0 31 0 5 31 "Przeciw" 1
"1677" 1677 0 30 0 6 30 "Przeciw" 1
"1678" 1678 29 0 0 7 29 "Za" 1
"1679" 1679 4 23 2 7 29 "Przeciw" 0.79
"1680" 1680 34 0 0 2 34 "Za" 1
"1681" 1681 34 0 0 2 34 "Za" 1
"1682" 1682 33 0 1 2 34 "Za" 0.97
"1683" 1683 3 30 1 2 34 "Przeciw" 0.88
"1684" 1684 30 1 0 5 31 "Za" 0.97
"1685" 1685 4 0 27 5 31 "Wstrzyma³ siê" 0.87
"1686" 1686 5 0 23 8 28 "Wstrzyma³ siê" 0.82
"1687" 1687 3 28 3 2 34 "Przeciw" 0.82
"1688" 1688 32 0 2 2 34 "Za" 0.94
"1689" 1689 31 0 3 2 34 "Za" 0.91
"1690" 1690 3 3 28 2 34 "Wstrzyma³ siê" 0.82
"1691" 1691 31 0 0 5 31 "Za" 1
"1692" 1692 1 28 2 5 31 "Przeciw" 0.9
"1693" 1693 4 0 28 4 32 "Wstrzyma³ siê" 0.88
"1694" 1694 2 0 32 2 34 "Wstrzyma³ siê" 0.94
"1695" 1695 4 0 30 2 34 "Wstrzyma³ siê" 0.88
"1696" 1696 3 0 30 3 33 "Wstrzyma³ siê" 0.91
"1697" 1697 3 0 30 3 33 "Wstrzyma³ siê" 0.91
"1698" 1698 0 0 31 5 31 "Wstrzyma³ siê" 1
"1699" 1699 29 2 3 2 34 "Za" 0.85
"1700" 1700 1 26 6 3 33 "Przeciw" 0.79
"1701" 1701 32 1 1 2 34 "Za" 0.94
"1702" 1702 32 1 1 2 34 "Za" 0.94
"1703" 1703 31 1 2 2 34 "Za" 0.91
"1704" 1704 29 1 2 4 32 "Za" 0.91
"1705" 1705 31 1 1 3 33 "Za" 0.94
"1706" 1706 0 34 0 2 34 "Przeciw" 1
"1707" 1707 34 0 0 2 34 "Za" 1
"1708" 1708 33 0 0 3 33 "Za" 1
"1709" 1709 34 0 0 2 34 "Za" 1
"1710" 1710 34 0 0 2 34 "Za" 1
"1711" 1711 34 0 0 2 34 "Za" 1
"1712" 1712 33 1 0 2 34 "Za" 0.97
"1713" 1713 3 30 1 2 34 "Przeciw" 0.88
"1714" 1714 33 0 0 3 33 "Za" 1
"1715" 1715 34 0 0 2 34 "Za" 1
"1716" 1716 28 3 3 2 34 "Za" 0.82
"1717" 1717 4 30 0 2 34 "Przeciw" 0.88
"1718" 1718 14 17 3 2 34 "Przeciw" 0.5
"1719" 1719 0 30 2 4 32 "Przeciw" 0.94
"1720" 1720 20 6 5 5 31 "Za" 0.65
"1721" 1721 32 0 0 4 32 "Za" 1
"1722" 1722 0 32 0 4 32 "Przeciw" 1
"1723" 1723 29 0 0 7 29 "Za" 1
"1724" 1724 0 23 7 6 30 "Przeciw" 0.77
"1725" 1725 9 17 1 9 27 "Przeciw" 0.63
"1726" 1726 1 23 2 10 26 "Przeciw" 0.88
"1727" 1727 1 30 1 4 32 "Przeciw" 0.94
"1728" 1728 2 26 2 6 30 "Przeciw" 0.87
"1729" 1729 23 6 1 6 30 "Za" 0.77
"1730" 1730 2 25 2 7 29 "Przeciw" 0.86
"1731" 1731 0 26 0 10 26 "Przeciw" 1
"1732" 1732 33 0 0 3 33 "Za" 1
"1733" 1733 0 33 0 3 33 "Przeciw" 1
"1734" 1734 5 27 1 3 33 "Przeciw" 0.82
"1735" 1735 0 33 0 3 33 "Przeciw" 1
"1736" 1736 0 32 0 4 32 "Przeciw" 1
"1737" 1737 0 32 0 4 32 "Przeciw" 1
"1738" 1738 0 33 0 3 33 "Przeciw" 1
"1739" 1739 0 32 0 4 32 "Przeciw" 1
"1740" 1740 0 33 0 3 33 "Przeciw" 1
"1741" 1741 0 33 0 3 33 "Przeciw" 1
"1742" 1742 0 32 1 3 33 "Przeciw" 0.97
"1743" 1743 0 29 3 4 32 "Przeciw" 0.91
"1744" 1744 0 33 0 3 33 "Przeciw" 1
"1745" 1745 0 32 0 4 32 "Przeciw" 1
"1746" 1746 0 33 0 3 33 "Przeciw" 1
"1747" 1747 30 0 1 5 31 "Za" 0.97
"1748" 1748 31 0 1 4 32 "Za" 0.97
"1749" 1749 2 30 1 3 33 "Przeciw" 0.91
"1750" 1750 0 30 1 5 31 "Przeciw" 0.97
"1751" 1751 0 32 1 3 33 "Przeciw" 0.97
"1752" 1752 0 32 1 3 33 "Przeciw" 0.97
"1753" 1753 0 29 1 6 30 "Przeciw" 0.97
"1754" 1754 0 31 1 4 32 "Przeciw" 0.97
"1755" 1755 0 31 1 4 32 "Przeciw" 0.97
"1756" 1756 0 31 1 4 32 "Przeciw" 0.97
"1757" 1757 0 31 1 4 32 "Przeciw" 0.97
"1758" 1758 1 31 1 3 33 "Przeciw" 0.94
"1759" 1759 0 31 1 4 32 "Przeciw" 0.97
"1760" 1760 0 27 2 7 29 "Przeciw" 0.93
"1761" 1761 33 0 0 3 33 "Za" 1
"1762" 1762 0 32 0 4 32 "Przeciw" 1
"1763" 1763 0 32 0 4 32 "Przeciw" 1
"1764" 1764 32 0 0 4 32 "Za" 1
"1765" 1765 32 0 0 4 32 "Za" 1
"1766" 1766 3 0 24 9 27 "Wstrzyma³ siê" 0.89
"1767" 1767 13 3 14 6 30 "Wstrzyma³ siê" 0.47
"1768" 1768 2 0 28 6 30 "Wstrzyma³ siê" 0.93
"1769" 1769 31 0 0 5 31 "Za" 1
"1770" 1770 31 0 1 4 32 "Za" 0.97
"1771" 1771 25 2 1 8 28 "Za" 0.89
"1772" 1772 0 31 1 4 32 "Przeciw" 0.97
"1773" 1773 7 24 0 5 31 "Przeciw" 0.77
"1774" 1774 24 2 1 9 27 "Za" 0.89
"1775" 1775 32 0 0 4 32 "Za" 1
"1776" 1776 33 0 0 3 33 "Za" 1
"1777" 1777 0 33 0 3 33 "Przeciw" 1
"1778" 1778 3 29 0 4 32 "Przeciw" 0.91
"1779" 1779 33 0 0 3 33 "Za" 1
"1780" 1780 31 0 0 5 31 "Za" 1
"1781" 1781 32 0 0 4 32 "Za" 1
"1782" 1782 32 0 0 4 32 "Za" 1
"1783" 1783 31 0 0 5 31 "Za" 1
"1784" 1784 25 1 3 7 29 "Za" 0.86
"1785" 1785 2 2 29 3 33 "Wstrzyma³ siê" 0.88
"1786" 1786 31 0 1 4 32 "Za" 0.97
"1787" 1787 31 1 1 3 33 "Za" 0.94
"1788" 1788 33 0 0 3 33 "Za" 1
"1789" 1789 31 0 2 3 33 "Za" 0.94
"1790" 1790 32 0 1 3 33 "Za" 0.97
"1791" 1791 0 30 3 3 33 "Przeciw" 0.91
"1792" 1792 4 25 3 4 32 "Przeciw" 0.78
"1793" 1793 1 28 3 4 32 "Przeciw" 0.88
"1794" 1794 4 27 1 4 32 "Przeciw" 0.84
"1795" 1795 28 2 4 2 34 "Za" 0.82
"1796" 1796 1 9 24 2 34 "Wstrzyma³ siê" 0.71
"1797" 1797 1 28 4 3 33 "Przeciw" 0.85
"1798" 1798 20 0 13 3 33 "Za" 0.61
"1799" 1799 33 0 0 3 33 "Za" 1
"1800" 1800 27 5 0 4 32 "Za" 0.84
"1801" 1801 27 1 3 5 31 "Za" 0.87
"1802" 1802 0 26 7 3 33 "Przeciw" 0.79
"1803" 1803 0 31 0 5 31 "Przeciw" 1
"1804" 1804 32 0 0 4 32 "Za" 1
"1805" 1805 32 0 0 4 32 "Za" 1
"1806" 1806 0 32 0 4 32 "Przeciw" 1
"1807" 1807 0 32 0 4 32 "Przeciw" 1
"1808" 1808 32 0 0 4 32 "Za" 1
"1809" 1809 31 0 1 4 32 "Za" 0.97
"1810" 1810 0 32 0 4 32 "Przeciw" 1
"1811" 1811 1 31 0 4 32 "Przeciw" 0.97
"1812" 1812 32 0 0 4 32 "Za" 1
"1813" 1813 24 4 4 4 32 "Za" 0.75
"1814" 1814 32 0 0 4 32 "Za" 1
"1815" 1815 32 0 0 4 32 "Za" 1
"1816" 1816 31 0 0 5 31 "Za" 1
"1817" 1817 32 0 0 4 32 "Za" 1
"1818" 1818 0 13 19 4 32 "Wstrzyma³ siê" 0.59
"1819" 1819 30 0 2 4 32 "Za" 0.94
"1820" 1820 2 12 18 4 32 "Wstrzyma³ siê" 0.56
"1821" 1821 29 1 2 4 32 "Za" 0.91
"1822" 1822 0 12 20 4 32 "Wstrzyma³ siê" 0.62
"1823" 1823 0 11 21 4 32 "Wstrzyma³ siê" 0.66
"1824" 1824 5 10 17 4 32 "Wstrzyma³ siê" 0.53
"1825" 1825 32 0 0 4 32 "Za" 1
"1826" 1826 32 0 0 4 32 "Za" 1
"1827" 1827 32 0 0 4 32 "Za" 1
"1828" 1828 14 6 12 4 32 "Za" 0.44
"1829" 1829 32 0 0 4 32 "Za" 1
"1830" 1830 32 0 0 4 32 "Za" 1
"1831" 1831 32 0 0 4 32 "Za" 1
"1832" 1832 32 0 0 4 32 "Za" 1
"1833" 1833 0 30 0 6 30 "Przeciw" 1
"1834" 1834 3 26 1 6 30 "Przeciw" 0.87
"1835" 1835 31 0 1 4 32 "Za" 0.97
"1836" 1836 1 31 0 4 32 "Przeciw" 0.97
"1837" 1837 32 0 0 4 32 "Za" 1
"1838" 1838 27 5 0 4 32 "Za" 0.84
"1839" 1839 0 32 0 4 32 "Przeciw" 1
"1840" 1840 0 32 0 4 32 "Przeciw" 1
"1841" 1841 0 32 0 4 32 "Przeciw" 1
"1842" 1842 0 32 0 4 32 "Przeciw" 1
"1843" 1843 0 32 0 4 32 "Przeciw" 1
"1844" 1844 0 32 0 4 32 "Przeciw" 1
"1845" 1845 0 32 0 4 32 "Przeciw" 1
"1846" 1846 0 32 0 4 32 "Przeciw" 1
"1847" 1847 32 0 0 4 32 "Za" 1
"1848" 1848 4 27 0 5 31 "Przeciw" 0.87
"1849" 1849 0 32 0 4 32 "Przeciw" 1
"1850" 1850 0 32 0 4 32 "Przeciw" 1
"1851" 1851 0 32 0 4 32 "Przeciw" 1
"1852" 1852 0 32 0 4 32 "Przeciw" 1
"1853" 1853 0 32 0 4 32 "Przeciw" 1
"1854" 1854 32 0 0 4 32 "Za" 1
"1855" 1855 32 0 0 4 32 "Za" 1
"1856" 1856 32 0 0 4 32 "Za" 1
"1857" 1857 32 0 0 4 32 "Za" 1
"1858" 1858 31 0 0 5 31 "Za" 1
"1859" 1859 31 0 0 5 31 "Za" 1
"1860" 1860 31 0 0 5 31 "Za" 1
"1861" 1861 31 0 0 5 31 "Za" 1
"1862" 1862 31 0 0 5 31 "Za" 1
"1863" 1863 31 0 0 5 31 "Za" 1
"1864" 1864 31 0 0 5 31 "Za" 1
"1865" 1865 31 0 0 5 31 "Za" 1
"1866" 1866 31 0 0 5 31 "Za" 1
"1867" 1867 31 0 0 5 31 "Za" 1
"1868" 1868 31 0 0 5 31 "Za" 1
"1869" 1869 31 0 0 5 31 "Za" 1
"1870" 1870 29 0 0 7 29 "Za" 1
"1871" 1871 31 0 0 5 31 "Za" 1
"1872" 1872 30 0 0 6 30 "Za" 1
"1873" 1873 29 0 0 7 29 "Za" 1
"1874" 1874 2 1 27 6 30 "Wstrzyma³ siê" 0.9
"1875" 1875 1 19 0 16 20 "Przeciw" 0.95
"1876" 1876 30 1 0 5 31 "Za" 0.97
"1877" 1877 31 0 0 5 31 "Za" 1
"1878" 1878 27 0 3 6 30 "Za" 0.9
"1879" 1879 0 24 6 6 30 "Przeciw" 0.8
"1880" 1880 0 31 1 4 32 "Przeciw" 0.97
"1881" 1881 22 0 8 6 30 "Za" 0.73
"1882" 1882 27 0 3 6 30 "Za" 0.9
"1883" 1883 32 0 0 4 32 "Za" 1
"1884" 1884 25 6 1 4 32 "Za" 0.78
"1885" 1885 0 30 1 5 31 "Przeciw" 0.97
"1886" 1886 0 29 3 4 32 "Przeciw" 0.91
"1887" 1887 1 1 30 4 32 "Wstrzyma³ siê" 0.94
"1888" 1888 0 19 13 4 32 "Przeciw" 0.59
"1889" 1889 3 28 1 4 32 "Przeciw" 0.88
"1890" 1890 1 26 2 7 29 "Przeciw" 0.9
"1891" 1891 30 0 0 6 30 "Za" 1
"1892" 1892 12 9 11 4 32 "Za" 0.38
"1893" 1893 17 14 1 4 32 "Za" 0.53
"1894" 1894 22 5 4 5 31 "Za" 0.71
"1895" 1895 13 13 5 5 31 "Za" 0.42
"1896" 1896 3 20 6 7 29 "Przeciw" 0.69
"1897" 1897 32 0 0 4 32 "Za" 1
"1898" 1898 32 0 0 4 32 "Za" 1
"1899" 1899 30 1 1 4 32 "Za" 0.94
"1900" 1900 29 0 3 4 32 "Za" 0.91
"1901" 1901 0 32 0 4 32 "Przeciw" 1
"1902" 1902 10 14 6 6 30 "Przeciw" 0.47
"1903" 1903 29 0 4 3 33 "Za" 0.88
"1904" 1904 17 3 13 3 33 "Za" 0.52
"1905" 1905 22 1 9 4 32 "Za" 0.69
"1906" 1906 32 0 0 4 32 "Za" 1
"1907" 1907 29 2 2 3 33 "Za" 0.88
"1908" 1908 1 1 31 3 33 "Wstrzyma³ siê" 0.94
"1909" 1909 15 10 3 8 28 "Za" 0.54
"1910" 1910 0 26 1 9 27 "Przeciw" 0.96
"1911" 1911 1 22 5 8 28 "Przeciw" 0.79
"1912" 1912 24 0 0 12 24 "Za" 1
