"nr_glosowania" "za" "przeciw" "wstrzymal" "nieobecny" "obecny" "tendencja" "proc_zgodnosci"
"1" 1 0 0 0 28 0 "Za" 0
"2" 2 0 23 0 5 23 "Przeciw" 1
"3" 3 23 0 0 5 23 "Za" 1
"4" 4 23 0 0 5 23 "Za" 1
"5" 5 23 0 0 5 23 "Za" 1
"6" 6 23 0 0 5 23 "Za" 1
"7" 7 0 12 11 5 23 "Przeciw" 0.52
"8" 8 23 0 0 5 23 "Za" 1
"9" 9 0 22 1 5 23 "Przeciw" 0.96
"10" 10 0 0 23 5 23 "Wstrzyma³ siê" 1
"11" 11 23 0 0 5 23 "Za" 1
"12" 12 0 0 23 5 23 "Wstrzyma³ siê" 1
"13" 13 23 0 0 5 23 "Za" 1
"14" 14 0 0 23 5 23 "Wstrzyma³ siê" 1
"15" 15 0 0 22 6 22 "Wstrzyma³ siê" 1
"16" 16 0 0 23 5 23 "Wstrzyma³ siê" 1
"17" 17 0 0 22 6 22 "Wstrzyma³ siê" 1
"18" 18 0 0 21 7 21 "Wstrzyma³ siê" 1
"19" 19 0 0 23 5 23 "Wstrzyma³ siê" 1
"20" 20 0 0 23 5 23 "Wstrzyma³ siê" 1
"21" 21 0 0 22 6 22 "Wstrzyma³ siê" 1
"22" 22 0 0 23 5 23 "Wstrzyma³ siê" 1
"23" 23 0 0 23 5 23 "Wstrzyma³ siê" 1
"24" 24 0 0 23 5 23 "Wstrzyma³ siê" 1
"25" 25 0 0 23 5 23 "Wstrzyma³ siê" 1
"26" 26 0 0 23 5 23 "Wstrzyma³ siê" 1
"27" 27 0 0 23 5 23 "Wstrzyma³ siê" 1
"28" 28 0 0 21 7 21 "Wstrzyma³ siê" 1
"29" 29 0 0 22 6 22 "Wstrzyma³ siê" 1
"30" 30 0 0 23 5 23 "Wstrzyma³ siê" 1
"31" 31 0 21 0 7 21 "Przeciw" 1
"32" 32 0 25 0 3 25 "Przeciw" 1
"33" 33 0 23 0 5 23 "Przeciw" 1
"34" 34 0 28 0 0 28 "Przeciw" 1
"35" 35 28 0 0 0 28 "Za" 1
"36" 36 28 0 0 0 28 "Za" 1
"37" 37 0 28 0 0 28 "Przeciw" 1
"38" 38 28 0 0 0 28 "Za" 1
"39" 39 28 0 0 0 28 "Za" 1
"40" 40 28 0 0 0 28 "Za" 1
"41" 41 27 0 0 1 27 "Za" 1
"42" 42 28 0 0 0 28 "Za" 1
"43" 43 28 0 0 0 28 "Za" 1
"44" 44 28 0 0 0 28 "Za" 1
"45" 45 28 0 0 0 28 "Za" 1
"46" 46 0 28 0 0 28 "Przeciw" 1
"47" 47 27 1 0 0 28 "Za" 0.96
"48" 48 28 0 0 0 28 "Za" 1
"49" 49 28 0 0 0 28 "Za" 1
"50" 50 28 0 0 0 28 "Za" 1
"51" 51 28 0 0 0 28 "Za" 1
"52" 52 28 0 0 0 28 "Za" 1
"53" 53 28 0 0 0 28 "Za" 1
"54" 54 28 0 0 0 28 "Za" 1
"55" 55 28 0 0 0 28 "Za" 1
"56" 56 28 0 0 0 28 "Za" 1
"57" 57 0 0 28 0 28 "Wstrzyma³ siê" 1
"58" 58 0 28 0 0 28 "Przeciw" 1
"59" 59 28 0 0 0 28 "Za" 1
"60" 60 28 0 0 0 28 "Za" 1
"61" 61 28 0 0 0 28 "Za" 1
"62" 62 0 28 0 0 28 "Przeciw" 1
"63" 63 0 2 26 0 28 "Wstrzyma³ siê" 0.93
"64" 64 28 0 0 0 28 "Za" 1
"65" 65 26 0 0 2 26 "Za" 1
"66" 66 0 28 0 0 28 "Przeciw" 1
"67" 67 1 27 0 0 28 "Przeciw" 0.96
"68" 68 28 0 0 0 28 "Za" 1
"69" 69 28 0 0 0 28 "Za" 1
"70" 70 26 0 0 2 26 "Za" 1
"71" 71 28 0 0 0 28 "Za" 1
"72" 72 28 0 0 0 28 "Za" 1
"73" 73 28 0 0 0 28 "Za" 1
"74" 74 28 0 0 0 28 "Za" 1
"75" 75 27 0 0 1 27 "Za" 1
"76" 76 2 2 21 3 25 "Wstrzyma³ siê" 0.84
"77" 77 25 0 0 3 25 "Za" 1
"78" 78 0 28 0 0 28 "Przeciw" 1
"79" 79 0 28 0 0 28 "Przeciw" 1
"80" 80 0 28 0 0 28 "Przeciw" 1
"81" 81 0 28 0 0 28 "Przeciw" 1
"82" 82 0 28 0 0 28 "Przeciw" 1
"83" 83 0 28 0 0 28 "Przeciw" 1
"84" 84 0 25 0 3 25 "Przeciw" 1
"85" 85 27 0 0 1 27 "Za" 1
"86" 86 0 25 0 3 25 "Przeciw" 1
"87" 87 0 25 0 3 25 "Przeciw" 1
"88" 88 0 27 0 1 27 "Przeciw" 1
"89" 89 0 27 0 1 27 "Przeciw" 1
"90" 90 0 27 0 1 27 "Przeciw" 1
"91" 91 0 28 0 0 28 "Przeciw" 1
"92" 92 28 0 0 0 28 "Za" 1
"93" 93 28 0 0 0 28 "Za" 1
"94" 94 1 26 1 0 28 "Przeciw" 0.93
"95" 95 28 0 0 0 28 "Za" 1
"96" 96 0 28 0 0 28 "Przeciw" 1
"97" 97 27 0 1 0 28 "Za" 0.96
"98" 98 0 28 0 0 28 "Przeciw" 1
"99" 99 0 28 0 0 28 "Przeciw" 1
"100" 100 0 27 1 0 28 "Przeciw" 0.96
"101" 101 0 27 0 1 27 "Przeciw" 1
"102" 102 28 0 0 0 28 "Za" 1
"103" 103 28 0 0 0 28 "Za" 1
"104" 104 28 0 0 0 28 "Za" 1
"105" 105 28 0 0 0 28 "Za" 1
"106" 106 0 3 25 0 28 "Wstrzyma³ siê" 0.89
"107" 107 23 0 1 4 24 "Za" 0.96
"108" 108 0 25 0 3 25 "Przeciw" 1
"109" 109 0 25 0 3 25 "Przeciw" 1
"110" 110 0 23 0 5 23 "Przeciw" 1
"111" 111 0 28 0 0 28 "Przeciw" 1
"112" 112 0 28 0 0 28 "Przeciw" 1
"113" 113 0 27 0 1 27 "Przeciw" 1
"114" 114 0 26 0 2 26 "Przeciw" 1
"115" 115 0 27 0 1 27 "Przeciw" 1
"116" 116 26 0 0 2 26 "Za" 1
"117" 117 0 28 0 0 28 "Przeciw" 1
"118" 118 28 0 0 0 28 "Za" 1
"119" 119 27 0 0 1 27 "Za" 1
"120" 120 0 25 0 3 25 "Przeciw" 1
"121" 121 25 0 0 3 25 "Za" 1
"122" 122 24 0 0 4 24 "Za" 1
"123" 123 0 23 0 5 23 "Przeciw" 1
"124" 124 27 0 0 1 27 "Za" 1
"125" 125 27 0 0 1 27 "Za" 1
"126" 126 27 0 0 1 27 "Za" 1
"127" 127 27 0 0 1 27 "Za" 1
"128" 128 27 0 0 1 27 "Za" 1
"129" 129 27 0 0 1 27 "Za" 1
"130" 130 0 26 0 2 26 "Przeciw" 1
"131" 131 25 0 0 3 25 "Za" 1
"132" 132 25 0 0 3 25 "Za" 1
"133" 133 25 0 0 3 25 "Za" 1
"134" 134 25 0 0 3 25 "Za" 1
"135" 135 1 23 0 4 24 "Przeciw" 0.96
"136" 136 25 0 0 3 25 "Za" 1
"137" 137 25 0 0 3 25 "Za" 1
"138" 138 26 0 0 2 26 "Za" 1
"139" 139 26 0 0 2 26 "Za" 1
"140" 140 25 0 0 3 25 "Za" 1
"141" 141 26 0 0 2 26 "Za" 1
"142" 142 26 0 0 2 26 "Za" 1
"143" 143 0 26 0 2 26 "Przeciw" 1
"144" 144 25 0 0 3 25 "Za" 1
"145" 145 27 0 0 1 27 "Za" 1
"146" 146 0 27 0 1 27 "Przeciw" 1
"147" 147 0 26 0 2 26 "Przeciw" 1
"148" 148 27 0 0 1 27 "Za" 1
"149" 149 0 26 0 2 26 "Przeciw" 1
"150" 150 27 0 0 1 27 "Za" 1
"151" 151 27 0 0 1 27 "Za" 1
"152" 152 27 0 0 1 27 "Za" 1
"153" 153 27 0 0 1 27 "Za" 1
"154" 154 26 0 0 2 26 "Za" 1
"155" 155 0 0 27 1 27 "Wstrzyma³ siê" 1
"156" 156 26 0 0 2 26 "Za" 1
"157" 157 25 1 1 1 27 "Za" 0.93
"158" 158 0 26 0 2 26 "Przeciw" 1
"159" 159 24 1 1 2 26 "Za" 0.92
"160" 160 27 0 0 1 27 "Za" 1
"161" 161 0 27 0 1 27 "Przeciw" 1
"162" 162 27 0 0 1 27 "Za" 1
"163" 163 25 2 0 1 27 "Za" 0.93
"164" 164 0 27 0 1 27 "Przeciw" 1
"165" 165 0 27 0 1 27 "Przeciw" 1
"166" 166 26 1 0 1 27 "Za" 0.96
"167" 167 27 0 0 1 27 "Za" 1
"168" 168 0 27 0 1 27 "Przeciw" 1
"169" 169 0 27 0 1 27 "Przeciw" 1
"170" 170 0 27 0 1 27 "Przeciw" 1
"171" 171 1 25 0 2 26 "Przeciw" 0.96
"172" 172 24 0 0 4 24 "Za" 1
"173" 173 26 0 0 2 26 "Za" 1
"174" 174 26 0 0 2 26 "Za" 1
"175" 175 26 0 0 2 26 "Za" 1
"176" 176 25 0 0 3 25 "Za" 1
"177" 177 0 25 1 2 26 "Przeciw" 0.96
"178" 178 27 0 0 1 27 "Za" 1
"179" 179 26 1 0 1 27 "Za" 0.96
"180" 180 26 0 0 2 26 "Za" 1
"181" 181 26 1 0 1 27 "Za" 0.96
"182" 182 0 27 0 1 27 "Przeciw" 1
"183" 183 24 0 0 4 24 "Za" 1
"184" 184 7 17 0 4 24 "Przeciw" 0.71
"185" 185 26 0 0 2 26 "Za" 1
"186" 186 25 1 0 2 26 "Za" 0.96
"187" 187 26 0 0 2 26 "Za" 1
"188" 188 26 0 0 2 26 "Za" 1
"189" 189 26 0 0 2 26 "Za" 1
"190" 190 26 0 0 2 26 "Za" 1
"191" 191 0 25 0 3 25 "Przeciw" 1
"192" 192 26 0 0 2 26 "Za" 1
"193" 193 25 0 0 3 25 "Za" 1
"194" 194 26 0 0 2 26 "Za" 1
"195" 195 0 26 0 2 26 "Przeciw" 1
"196" 196 25 0 0 3 25 "Za" 1
"197" 197 24 0 0 4 24 "Za" 1
"198" 198 24 0 0 4 24 "Za" 1
"199" 199 23 0 0 5 23 "Za" 1
"200" 200 23 0 0 5 23 "Za" 1
"201" 201 26 0 0 2 26 "Za" 1
"202" 202 27 0 0 1 27 "Za" 1
"203" 203 26 0 0 2 26 "Za" 1
"204" 204 27 0 0 1 27 "Za" 1
"205" 205 27 0 0 1 27 "Za" 1
"206" 206 27 0 0 1 27 "Za" 1
"207" 207 24 0 0 4 24 "Za" 1
"208" 208 26 0 0 2 26 "Za" 1
"209" 209 27 0 0 1 27 "Za" 1
"210" 210 27 0 0 1 27 "Za" 1
"211" 211 26 0 0 2 26 "Za" 1
"212" 212 27 0 0 1 27 "Za" 1
"213" 213 27 0 0 1 27 "Za" 1
"214" 214 27 0 0 1 27 "Za" 1
"215" 215 27 0 0 1 27 "Za" 1
"216" 216 27 0 0 1 27 "Za" 1
"217" 217 26 0 0 2 26 "Za" 1
"218" 218 26 0 0 2 26 "Za" 1
"219" 219 25 0 0 3 25 "Za" 1
"220" 220 26 0 0 2 26 "Za" 1
"221" 221 27 0 0 1 27 "Za" 1
"222" 222 26 1 0 1 27 "Za" 0.96
"223" 223 27 0 0 1 27 "Za" 1
"224" 224 26 0 0 2 26 "Za" 1
"225" 225 26 0 1 1 27 "Za" 0.96
"226" 226 0 27 0 1 27 "Przeciw" 1
"227" 227 0 25 0 3 25 "Przeciw" 1
"228" 228 0 26 0 2 26 "Przeciw" 1
"229" 229 27 0 0 1 27 "Za" 1
"230" 230 26 0 0 2 26 "Za" 1
"231" 231 26 0 0 2 26 "Za" 1
"232" 232 23 0 0 5 23 "Za" 1
"233" 233 1 24 0 3 25 "Przeciw" 0.96
"234" 234 1 19 6 2 26 "Przeciw" 0.73
"235" 235 0 27 0 1 27 "Przeciw" 1
"236" 236 24 2 0 2 26 "Za" 0.92
"237" 237 0 27 0 1 27 "Przeciw" 1
"238" 238 0 27 0 1 27 "Przeciw" 1
"239" 239 27 0 0 1 27 "Za" 1
"240" 240 27 0 0 1 27 "Za" 1
"241" 241 28 0 0 0 28 "Za" 1
"242" 242 1 1 24 2 26 "Wstrzyma³ siê" 0.92
"243" 243 0 28 0 0 28 "Przeciw" 1
"244" 244 25 0 0 3 25 "Za" 1
"245" 245 0 24 0 5 24 "Przeciw" 1
"246" 246 0 24 1 4 25 "Przeciw" 0.96
"247" 247 20 5 0 4 25 "Za" 0.8
"248" 248 3 1 21 4 25 "Wstrzyma³ siê" 0.84
"249" 249 0 25 0 4 25 "Przeciw" 1
"250" 250 1 23 1 4 25 "Przeciw" 0.92
"251" 251 25 0 0 4 25 "Za" 1
"252" 252 25 0 0 4 25 "Za" 1
"253" 253 25 0 0 4 25 "Za" 1
"254" 254 25 0 0 4 25 "Za" 1
"255" 255 25 0 0 4 25 "Za" 1
"256" 256 25 0 0 4 25 "Za" 1
"257" 257 25 0 0 4 25 "Za" 1
"258" 258 25 0 0 4 25 "Za" 1
"259" 259 26 0 0 3 26 "Za" 1
"260" 260 0 26 0 3 26 "Przeciw" 1
"261" 261 26 0 0 3 26 "Za" 1
"262" 262 0 26 0 3 26 "Przeciw" 1
"263" 263 26 0 0 3 26 "Za" 1
"264" 264 26 0 0 3 26 "Za" 1
"265" 265 26 0 0 3 26 "Za" 1
"266" 266 26 0 0 3 26 "Za" 1
"267" 267 26 0 0 3 26 "Za" 1
"268" 268 26 0 0 3 26 "Za" 1
"269" 269 26 0 0 3 26 "Za" 1
"270" 270 26 0 0 3 26 "Za" 1
"271" 271 26 0 0 3 26 "Za" 1
"272" 272 23 3 0 3 26 "Za" 0.88
"273" 273 0 26 0 3 26 "Przeciw" 1
"274" 274 26 0 0 3 26 "Za" 1
"275" 275 0 25 0 4 25 "Przeciw" 1
"276" 276 24 0 0 5 24 "Za" 1
"277" 277 25 0 0 4 25 "Za" 1
"278" 278 0 29 0 0 29 "Przeciw" 1
"279" 279 29 0 0 0 29 "Za" 1
"280" 280 1 28 0 0 29 "Przeciw" 0.97
"281" 281 0 29 0 0 29 "Przeciw" 1
"282" 282 29 0 0 0 29 "Za" 1
"283" 283 0 29 0 0 29 "Przeciw" 1
"284" 284 29 0 0 0 29 "Za" 1
"285" 285 29 0 0 0 29 "Za" 1
"286" 286 29 0 0 0 29 "Za" 1
"287" 287 29 0 0 0 29 "Za" 1
"288" 288 29 0 0 0 29 "Za" 1
"289" 289 29 0 0 0 29 "Za" 1
"290" 290 0 29 0 0 29 "Przeciw" 1
"291" 291 0 29 0 0 29 "Przeciw" 1
"292" 292 29 0 0 0 29 "Za" 1
"293" 293 29 0 0 0 29 "Za" 1
"294" 294 29 0 0 0 29 "Za" 1
"295" 295 29 0 0 0 29 "Za" 1
"296" 296 29 0 0 0 29 "Za" 1
"297" 297 29 0 0 0 29 "Za" 1
"298" 298 29 0 0 0 29 "Za" 1
"299" 299 29 0 0 0 29 "Za" 1
"300" 300 29 0 0 0 29 "Za" 1
"301" 301 28 0 1 0 29 "Za" 0.97
"302" 302 1 28 0 0 29 "Przeciw" 0.97
"303" 303 29 0 0 0 29 "Za" 1
"304" 304 0 29 0 0 29 "Przeciw" 1
"305" 305 29 0 0 0 29 "Za" 1
"306" 306 28 1 0 0 29 "Za" 0.97
"307" 307 0 28 1 0 29 "Przeciw" 0.97
"308" 308 29 0 0 0 29 "Za" 1
"309" 309 29 0 0 0 29 "Za" 1
"310" 310 29 0 0 0 29 "Za" 1
"311" 311 29 0 0 0 29 "Za" 1
"312" 312 29 0 0 0 29 "Za" 1
"313" 313 0 29 0 0 29 "Przeciw" 1
"314" 314 28 0 0 1 28 "Za" 1
"315" 315 0 29 0 0 29 "Przeciw" 1
"316" 316 0 29 0 0 29 "Przeciw" 1
"317" 317 0 29 0 0 29 "Przeciw" 1
"318" 318 0 29 0 0 29 "Przeciw" 1
"319" 319 0 29 0 0 29 "Przeciw" 1
"320" 320 0 27 0 2 27 "Przeciw" 1
"321" 321 28 0 0 1 28 "Za" 1
"322" 322 28 0 0 1 28 "Za" 1
"323" 323 28 0 0 1 28 "Za" 1
"324" 324 28 0 0 1 28 "Za" 1
"325" 325 28 0 0 1 28 "Za" 1
"326" 326 28 0 0 1 28 "Za" 1
"327" 327 0 28 0 1 28 "Przeciw" 1
"328" 328 0 28 0 1 28 "Przeciw" 1
"329" 329 0 28 0 1 28 "Przeciw" 1
"330" 330 28 0 0 1 28 "Za" 1
"331" 331 0 28 0 1 28 "Przeciw" 1
"332" 332 28 0 0 1 28 "Za" 1
"333" 333 0 28 0 1 28 "Przeciw" 1
"334" 334 27 0 0 2 27 "Za" 1
"335" 335 28 0 0 1 28 "Za" 1
"336" 336 9 17 2 1 28 "Przeciw" 0.61
"337" 337 0 27 0 2 27 "Przeciw" 1
"338" 338 27 0 0 2 27 "Za" 1
"339" 339 26 0 0 3 26 "Za" 1
"340" 340 27 0 0 2 27 "Za" 1
"341" 341 27 0 0 2 27 "Za" 1
"342" 342 27 0 0 2 27 "Za" 1
"343" 343 27 0 0 2 27 "Za" 1
"344" 344 0 27 0 2 27 "Przeciw" 1
"345" 345 0 26 0 3 26 "Przeciw" 1
"346" 346 26 0 0 3 26 "Za" 1
"347" 347 0 24 2 3 26 "Przeciw" 0.92
"348" 348 22 0 4 3 26 "Za" 0.85
"349" 349 23 0 3 3 26 "Za" 0.88
"350" 350 25 0 0 4 25 "Za" 1
"351" 351 23 0 0 6 23 "Za" 1
"352" 352 0 27 0 2 27 "Przeciw" 1
"353" 353 0 0 27 2 27 "Wstrzyma³ siê" 1
"354" 354 25 0 0 4 25 "Za" 1
"355" 355 0 27 0 2 27 "Przeciw" 1
"356" 356 0 24 2 3 26 "Przeciw" 0.92
"357" 357 2 21 4 2 27 "Przeciw" 0.78
"358" 358 0 26 0 3 26 "Przeciw" 1
"359" 359 7 13 7 2 27 "Przeciw" 0.48
"360" 360 6 0 21 2 27 "Wstrzyma³ siê" 0.78
"361" 361 25 0 2 2 27 "Za" 0.93
"362" 362 3 17 4 5 24 "Przeciw" 0.71
"363" 363 2 13 12 2 27 "Przeciw" 0.48
"364" 364 4 0 23 2 27 "Wstrzyma³ siê" 0.85
"365" 365 3 2 21 3 26 "Wstrzyma³ siê" 0.81
"366" 366 23 1 3 2 27 "Za" 0.85
"367" 367 26 0 1 2 27 "Za" 0.96
"368" 368 4 2 19 4 25 "Wstrzyma³ siê" 0.76
"369" 369 10 0 17 2 27 "Wstrzyma³ siê" 0.63
"370" 370 8 2 17 2 27 "Wstrzyma³ siê" 0.63
"371" 371 5 9 13 2 27 "Wstrzyma³ siê" 0.48
"372" 372 10 0 16 3 26 "Wstrzyma³ siê" 0.62
"373" 373 13 0 14 2 27 "Wstrzyma³ siê" 0.52
"374" 374 7 1 19 2 27 "Wstrzyma³ siê" 0.7
"375" 375 4 0 23 2 27 "Wstrzyma³ siê" 0.85
"376" 376 3 12 9 5 24 "Przeciw" 0.5
"377" 377 11 0 16 2 27 "Wstrzyma³ siê" 0.59
"378" 378 6 0 20 3 26 "Wstrzyma³ siê" 0.77
"379" 379 8 0 19 2 27 "Wstrzyma³ siê" 0.7
"380" 380 7 2 18 2 27 "Wstrzyma³ siê" 0.67
"381" 381 7 0 18 4 25 "Wstrzyma³ siê" 0.72
"382" 382 16 0 10 3 26 "Za" 0.62
"383" 383 11 0 14 4 25 "Wstrzyma³ siê" 0.56
"384" 384 2 1 24 2 27 "Wstrzyma³ siê" 0.89
"385" 385 2 10 15 2 27 "Wstrzyma³ siê" 0.56
"386" 386 4 1 21 3 26 "Wstrzyma³ siê" 0.81
"387" 387 3 9 14 3 26 "Wstrzyma³ siê" 0.54
"388" 388 10 1 15 3 26 "Wstrzyma³ siê" 0.58
"389" 389 11 0 16 2 27 "Wstrzyma³ siê" 0.59
"390" 390 5 0 22 2 27 "Wstrzyma³ siê" 0.81
"391" 391 6 0 21 2 27 "Wstrzyma³ siê" 0.78
"392" 392 10 0 17 2 27 "Wstrzyma³ siê" 0.63
"393" 393 11 0 15 3 26 "Wstrzyma³ siê" 0.58
"394" 394 9 0 18 2 27 "Wstrzyma³ siê" 0.67
"395" 395 4 0 21 4 25 "Wstrzyma³ siê" 0.84
"396" 396 9 1 16 3 26 "Wstrzyma³ siê" 0.62
"397" 397 10 1 15 3 26 "Wstrzyma³ siê" 0.58
"398" 398 3 2 22 2 27 "Wstrzyma³ siê" 0.81
"399" 399 9 0 18 2 27 "Wstrzyma³ siê" 0.67
"400" 400 13 0 11 5 24 "Za" 0.54
"401" 401 5 0 20 4 25 "Wstrzyma³ siê" 0.8
"402" 402 4 0 19 6 23 "Wstrzyma³ siê" 0.83
"403" 403 8 0 19 2 27 "Wstrzyma³ siê" 0.7
"404" 404 12 1 14 2 27 "Wstrzyma³ siê" 0.52
"405" 405 10 4 13 2 27 "Wstrzyma³ siê" 0.48
"406" 406 13 0 13 3 26 "Za" 0.5
"407" 407 4 0 23 2 27 "Wstrzyma³ siê" 0.85
"408" 408 3 0 23 3 26 "Wstrzyma³ siê" 0.88
"409" 409 25 0 2 2 27 "Za" 0.93
"410" 410 24 0 1 4 25 "Za" 0.96
"411" 411 8 0 18 3 26 "Wstrzyma³ siê" 0.69
"412" 412 10 14 3 2 27 "Przeciw" 0.52
"413" 413 4 18 4 3 26 "Przeciw" 0.69
"414" 414 8 0 19 2 27 "Wstrzyma³ siê" 0.7
"415" 415 10 0 16 3 26 "Wstrzyma³ siê" 0.62
"416" 416 10 0 17 2 27 "Wstrzyma³ siê" 0.63
"417" 417 10 0 17 2 27 "Wstrzyma³ siê" 0.63
"418" 418 10 15 2 2 27 "Przeciw" 0.56
"419" 419 3 22 2 2 27 "Przeciw" 0.81
"420" 420 10 0 17 2 27 "Wstrzyma³ siê" 0.63
"421" 421 26 0 1 2 27 "Za" 0.96
"422" 422 4 0 23 2 27 "Wstrzyma³ siê" 0.85
"423" 423 5 22 0 2 27 "Przeciw" 0.81
"424" 424 7 17 3 2 27 "Przeciw" 0.63
"425" 425 15 0 12 2 27 "Za" 0.56
"426" 426 14 7 5 3 26 "Za" 0.54
"427" 427 9 0 18 2 27 "Wstrzyma³ siê" 0.67
"428" 428 13 0 14 2 27 "Wstrzyma³ siê" 0.52
"429" 429 7 0 20 2 27 "Wstrzyma³ siê" 0.74
"430" 430 21 5 1 2 27 "Za" 0.78
"431" 431 18 8 1 2 27 "Za" 0.67
"432" 432 18 0 9 2 27 "Za" 0.67
"433" 433 3 2 21 3 26 "Wstrzyma³ siê" 0.81
"434" 434 11 0 16 2 27 "Wstrzyma³ siê" 0.59
"435" 435 5 0 21 3 26 "Wstrzyma³ siê" 0.81
"436" 436 8 0 19 2 27 "Wstrzyma³ siê" 0.7
"437" 437 5 0 22 2 27 "Wstrzyma³ siê" 0.81
"438" 438 9 0 18 2 27 "Wstrzyma³ siê" 0.67
"439" 439 9 0 18 2 27 "Wstrzyma³ siê" 0.67
"440" 440 16 0 11 2 27 "Za" 0.59
"441" 441 8 0 19 2 27 "Wstrzyma³ siê" 0.7
"442" 442 1 23 3 2 27 "Przeciw" 0.85
"443" 443 5 0 22 2 27 "Wstrzyma³ siê" 0.81
"444" 444 11 0 16 2 27 "Wstrzyma³ siê" 0.59
"445" 445 9 0 18 2 27 "Wstrzyma³ siê" 0.67
"446" 446 9 0 18 2 27 "Wstrzyma³ siê" 0.67
"447" 447 13 0 13 3 26 "Za" 0.5
"448" 448 13 0 14 2 27 "Wstrzyma³ siê" 0.52
"449" 449 5 1 21 2 27 "Wstrzyma³ siê" 0.78
"450" 450 3 0 24 2 27 "Wstrzyma³ siê" 0.89
"451" 451 9 0 18 2 27 "Wstrzyma³ siê" 0.67
"452" 452 10 0 17 2 27 "Wstrzyma³ siê" 0.63
"453" 453 5 1 20 3 26 "Wstrzyma³ siê" 0.77
"454" 454 7 15 5 2 27 "Przeciw" 0.56
"455" 455 14 0 13 2 27 "Za" 0.52
"456" 456 7 1 19 2 27 "Wstrzyma³ siê" 0.7
"457" 457 12 0 15 2 27 "Wstrzyma³ siê" 0.56
"458" 458 11 0 16 2 27 "Wstrzyma³ siê" 0.59
"459" 459 1 24 2 2 27 "Przeciw" 0.89
"460" 460 4 0 23 2 27 "Wstrzyma³ siê" 0.85
"461" 461 3 20 4 2 27 "Przeciw" 0.74
"462" 462 8 0 18 3 26 "Wstrzyma³ siê" 0.69
"463" 463 1 2 23 3 26 "Wstrzyma³ siê" 0.88
"464" 464 4 0 22 3 26 "Wstrzyma³ siê" 0.85
"465" 465 12 0 15 2 27 "Wstrzyma³ siê" 0.56
"466" 466 16 0 11 2 27 "Za" 0.59
"467" 467 3 3 21 2 27 "Wstrzyma³ siê" 0.78
"468" 468 5 0 22 2 27 "Wstrzyma³ siê" 0.81
"469" 469 5 0 22 2 27 "Wstrzyma³ siê" 0.81
"470" 470 5 0 22 2 27 "Wstrzyma³ siê" 0.81
"471" 471 12 0 15 2 27 "Wstrzyma³ siê" 0.56
"472" 472 8 0 18 3 26 "Wstrzyma³ siê" 0.69
"473" 473 8 0 19 2 27 "Wstrzyma³ siê" 0.7
"474" 474 17 0 10 2 27 "Za" 0.63
"475" 475 16 0 11 2 27 "Za" 0.59
"476" 476 6 2 18 3 26 "Wstrzyma³ siê" 0.69
"477" 477 8 0 19 2 27 "Wstrzyma³ siê" 0.7
"478" 478 27 0 0 2 27 "Za" 1
"479" 479 14 0 13 2 27 "Za" 0.52
"480" 480 13 0 14 2 27 "Wstrzyma³ siê" 0.52
"481" 481 17 0 10 2 27 "Za" 0.63
"482" 482 1 26 0 2 27 "Przeciw" 0.96
"483" 483 2 24 1 2 27 "Przeciw" 0.89
"484" 484 8 0 19 2 27 "Wstrzyma³ siê" 0.7
"485" 485 15 1 11 2 27 "Za" 0.56
"486" 486 21 3 0 5 24 "Za" 0.88
"487" 487 23 3 1 2 27 "Za" 0.85
"488" 488 13 12 2 2 27 "Za" 0.48
"489" 489 25 0 2 2 27 "Za" 0.93
"490" 490 22 1 4 2 27 "Za" 0.81
"491" 491 22 0 5 2 27 "Za" 0.81
"492" 492 24 0 3 2 27 "Za" 0.89
"493" 493 23 0 4 2 27 "Za" 0.85
"494" 494 25 0 2 2 27 "Za" 0.93
"495" 495 26 0 1 2 27 "Za" 0.96
"496" 496 21 0 6 2 27 "Za" 0.78
"497" 497 1 26 0 2 27 "Przeciw" 0.96
"498" 498 1 26 0 2 27 "Przeciw" 0.96
"499" 499 0 27 0 2 27 "Przeciw" 1
"500" 500 27 0 0 2 27 "Za" 1
"501" 501 27 0 0 2 27 "Za" 1
"502" 502 1 26 0 2 27 "Przeciw" 0.96
"503" 503 0 27 0 2 27 "Przeciw" 1
"504" 504 3 4 20 2 27 "Wstrzyma³ siê" 0.74
"505" 505 1 26 0 2 27 "Przeciw" 0.96
"506" 506 0 26 0 3 26 "Przeciw" 1
"507" 507 1 25 1 2 27 "Przeciw" 0.93
"508" 508 3 0 23 3 26 "Wstrzyma³ siê" 0.88
"509" 509 7 0 20 2 27 "Wstrzyma³ siê" 0.74
"510" 510 0 27 0 2 27 "Przeciw" 1
"511" 511 10 0 16 3 26 "Wstrzyma³ siê" 0.62
"512" 512 10 2 13 4 25 "Wstrzyma³ siê" 0.52
"513" 513 0 23 4 2 27 "Przeciw" 0.85
"514" 514 21 5 1 2 27 "Za" 0.78
"515" 515 3 21 3 2 27 "Przeciw" 0.78
"516" 516 27 0 0 2 27 "Za" 1
"517" 517 0 27 0 2 27 "Przeciw" 1
"518" 518 23 3 0 3 26 "Za" 0.88
"519" 519 0 27 0 2 27 "Przeciw" 1
"520" 520 0 27 0 2 27 "Przeciw" 1
"521" 521 0 27 0 2 27 "Przeciw" 1
"522" 522 0 27 0 2 27 "Przeciw" 1
"523" 523 0 27 0 2 27 "Przeciw" 1
"524" 524 1 26 0 2 27 "Przeciw" 0.96
"525" 525 0 27 0 2 27 "Przeciw" 1
"526" 526 0 26 1 2 27 "Przeciw" 0.96
"527" 527 2 20 5 2 27 "Przeciw" 0.74
"528" 528 0 27 0 2 27 "Przeciw" 1
"529" 529 0 23 4 2 27 "Przeciw" 0.85
"530" 530 3 3 21 2 27 "Wstrzyma³ siê" 0.78
"531" 531 2 18 7 2 27 "Przeciw" 0.67
"532" 532 3 19 5 2 27 "Przeciw" 0.7
"533" 533 4 17 3 5 24 "Przeciw" 0.71
"534" 534 24 0 3 2 27 "Za" 0.89
"535" 535 7 12 7 3 26 "Przeciw" 0.46
"536" 536 12 1 14 2 27 "Wstrzyma³ siê" 0.52
"537" 537 8 3 16 2 27 "Wstrzyma³ siê" 0.59
"538" 538 12 0 15 2 27 "Wstrzyma³ siê" 0.56
"539" 539 10 15 2 2 27 "Przeciw" 0.56
"540" 540 15 0 12 2 27 "Za" 0.56
"541" 541 19 0 8 2 27 "Za" 0.7
"542" 542 8 0 19 2 27 "Wstrzyma³ siê" 0.7
"543" 543 26 0 1 2 27 "Za" 0.96
"544" 544 27 0 0 2 27 "Za" 1
"545" 545 27 0 0 2 27 "Za" 1
"546" 546 27 0 0 2 27 "Za" 1
"547" 547 7 14 6 2 27 "Przeciw" 0.52
"548" 548 10 0 17 2 27 "Wstrzyma³ siê" 0.63
"549" 549 6 0 21 2 27 "Wstrzyma³ siê" 0.78
"550" 550 10 0 17 2 27 "Wstrzyma³ siê" 0.63
"551" 551 27 0 0 2 27 "Za" 1
"552" 552 27 0 0 2 27 "Za" 1
"553" 553 11 14 0 4 25 "Przeciw" 0.56
"554" 554 10 0 16 3 26 "Wstrzyma³ siê" 0.62
"555" 555 17 0 10 2 27 "Za" 0.63
"556" 556 27 0 0 2 27 "Za" 1
"557" 557 3 1 23 2 27 "Wstrzyma³ siê" 0.85
"558" 558 0 24 3 2 27 "Przeciw" 0.89
"559" 559 7 3 17 2 27 "Wstrzyma³ siê" 0.63
"560" 560 27 0 0 2 27 "Za" 1
"561" 561 26 0 0 3 26 "Za" 1
"562" 562 24 1 0 4 25 "Za" 0.96
"563" 563 27 0 1 1 28 "Za" 0.96
"564" 564 18 0 6 5 24 "Za" 0.75
"565" 565 26 0 2 1 28 "Za" 0.93
"566" 566 16 0 12 1 28 "Za" 0.57
"567" 567 10 0 16 3 26 "Wstrzyma³ siê" 0.62
"568" 568 11 0 17 1 28 "Wstrzyma³ siê" 0.61
"569" 569 8 0 18 3 26 "Wstrzyma³ siê" 0.69
"570" 570 13 0 14 2 27 "Wstrzyma³ siê" 0.52
"571" 571 3 23 1 2 27 "Przeciw" 0.85
"572" 572 25 1 2 1 28 "Za" 0.89
"573" 573 9 1 17 2 27 "Wstrzyma³ siê" 0.63
"574" 574 8 0 19 2 27 "Wstrzyma³ siê" 0.7
"575" 575 27 0 1 1 28 "Za" 0.96
"576" 576 27 0 1 1 28 "Za" 0.96
"577" 577 7 0 21 1 28 "Wstrzyma³ siê" 0.75
"578" 578 12 0 16 1 28 "Wstrzyma³ siê" 0.57
"579" 579 16 0 11 2 27 "Za" 0.59
"580" 580 22 0 5 2 27 "Za" 0.81
"581" 581 25 0 3 1 28 "Za" 0.89
"582" 582 15 0 13 1 28 "Za" 0.54
"583" 583 16 0 12 1 28 "Za" 0.57
"584" 584 16 0 12 1 28 "Za" 0.57
"585" 585 23 0 5 1 28 "Za" 0.82
"586" 586 19 0 9 1 28 "Za" 0.68
"587" 587 8 0 20 1 28 "Wstrzyma³ siê" 0.71
"588" 588 9 0 19 1 28 "Wstrzyma³ siê" 0.68
"589" 589 15 0 7 7 22 "Za" 0.68
"590" 590 9 0 18 2 27 "Wstrzyma³ siê" 0.67
"591" 591 6 0 21 2 27 "Wstrzyma³ siê" 0.78
"592" 592 13 0 15 1 28 "Wstrzyma³ siê" 0.54
"593" 593 10 0 18 1 28 "Wstrzyma³ siê" 0.64
"594" 594 26 0 1 2 27 "Za" 0.96
"595" 595 9 1 18 1 28 "Wstrzyma³ siê" 0.64
"596" 596 19 0 9 1 28 "Za" 0.68
"597" 597 3 1 24 1 28 "Wstrzyma³ siê" 0.86
"598" 598 16 0 12 1 28 "Za" 0.57
"599" 599 8 1 18 2 27 "Wstrzyma³ siê" 0.67
"600" 600 7 0 20 2 27 "Wstrzyma³ siê" 0.74
"601" 601 15 0 13 1 28 "Za" 0.54
"602" 602 25 2 1 1 28 "Za" 0.89
"603" 603 14 0 14 1 28 "Za" 0.5
"604" 604 6 0 20 3 26 "Wstrzyma³ siê" 0.77
"605" 605 12 0 15 2 27 "Wstrzyma³ siê" 0.56
"606" 606 7 0 21 1 28 "Wstrzyma³ siê" 0.75
"607" 607 10 0 18 1 28 "Wstrzyma³ siê" 0.64
"608" 608 4 1 22 2 27 "Wstrzyma³ siê" 0.81
"609" 609 28 0 0 1 28 "Za" 1
"610" 610 6 0 21 2 27 "Wstrzyma³ siê" 0.78
"611" 611 15 0 13 1 28 "Za" 0.54
"612" 612 26 0 2 1 28 "Za" 0.93
"613" 613 20 0 8 1 28 "Za" 0.71
"614" 614 7 0 20 2 27 "Wstrzyma³ siê" 0.74
"615" 615 18 0 10 1 28 "Za" 0.64
"616" 616 28 0 0 1 28 "Za" 1
"617" 617 24 0 2 3 26 "Za" 0.92
"618" 618 4 22 0 3 26 "Przeciw" 0.85
"619" 619 10 0 18 1 28 "Wstrzyma³ siê" 0.64
"620" 620 11 0 15 3 26 "Wstrzyma³ siê" 0.58
"621" 621 6 0 21 2 27 "Wstrzyma³ siê" 0.78
"622" 622 8 0 19 2 27 "Wstrzyma³ siê" 0.7
"623" 623 11 0 17 1 28 "Wstrzyma³ siê" 0.61
"624" 624 13 0 15 1 28 "Wstrzyma³ siê" 0.54
"625" 625 24 0 4 1 28 "Za" 0.86
"626" 626 10 0 16 3 26 "Wstrzyma³ siê" 0.62
"627" 627 1 26 1 1 28 "Przeciw" 0.93
"628" 628 5 0 23 1 28 "Wstrzyma³ siê" 0.82
"629" 629 8 0 20 1 28 "Wstrzyma³ siê" 0.71
"630" 630 16 0 12 1 28 "Za" 0.57
"631" 631 28 0 0 1 28 "Za" 1
"632" 632 28 0 0 1 28 "Za" 1
"633" 633 2 11 15 1 28 "Wstrzyma³ siê" 0.54
"634" 634 9 15 1 4 25 "Przeciw" 0.6
"635" 635 6 1 17 5 24 "Wstrzyma³ siê" 0.71
"636" 636 19 0 9 1 28 "Za" 0.68
"637" 637 0 28 0 1 28 "Przeciw" 1
"638" 638 0 27 1 1 28 "Przeciw" 0.96
"639" 639 20 0 8 1 28 "Za" 0.71
"640" 640 3 23 1 2 27 "Przeciw" 0.85
"641" 641 5 0 23 1 28 "Wstrzyma³ siê" 0.82
"642" 642 28 0 0 1 28 "Za" 1
"643" 643 28 0 0 1 28 "Za" 1
"644" 644 0 27 0 2 27 "Przeciw" 1
"645" 645 1 26 0 2 27 "Przeciw" 0.96
"646" 646 2 24 1 2 27 "Przeciw" 0.89
"647" 647 28 0 0 1 28 "Za" 1
"648" 648 27 0 0 2 27 "Za" 1
"649" 649 24 0 0 5 24 "Za" 1
"650" 650 4 22 1 2 27 "Przeciw" 0.81
"651" 651 28 0 0 1 28 "Za" 1
"652" 652 27 0 0 2 27 "Za" 1
"653" 653 28 0 0 1 28 "Za" 1
"654" 654 27 0 0 2 27 "Za" 1
"655" 655 24 0 0 5 24 "Za" 1
"656" 656 0 28 0 1 28 "Przeciw" 1
"657" 657 2 0 26 1 28 "Wstrzyma³ siê" 0.93
"658" 658 26 0 0 3 26 "Za" 1
"659" 659 26 0 0 3 26 "Za" 1
"660" 660 26 0 0 3 26 "Za" 1
"661" 661 0 0 27 2 27 "Wstrzyma³ siê" 1
"662" 662 0 0 28 1 28 "Wstrzyma³ siê" 1
"663" 663 27 0 0 2 27 "Za" 1
"664" 664 27 0 0 2 27 "Za" 1
"665" 665 27 0 0 2 27 "Za" 1
"666" 666 0 27 0 2 27 "Przeciw" 1
"667" 667 25 0 0 4 25 "Za" 1
"668" 668 27 0 0 2 27 "Za" 1
"669" 669 28 0 0 1 28 "Za" 1
"670" 670 28 0 0 1 28 "Za" 1
"671" 671 28 0 0 1 28 "Za" 1
"672" 672 26 1 0 2 27 "Za" 0.96
"673" 673 28 0 0 1 28 "Za" 1
"674" 674 27 0 0 2 27 "Za" 1
"675" 675 28 0 0 1 28 "Za" 1
"676" 676 28 0 0 1 28 "Za" 1
"677" 677 28 0 0 1 28 "Za" 1
"678" 678 28 0 0 1 28 "Za" 1
"679" 679 28 0 0 1 28 "Za" 1
"680" 680 28 0 0 1 28 "Za" 1
"681" 681 27 0 0 2 27 "Za" 1
"682" 682 27 0 0 2 27 "Za" 1
"683" 683 28 0 0 1 28 "Za" 1
"684" 684 28 0 0 1 28 "Za" 1
"685" 685 28 0 0 1 28 "Za" 1
"686" 686 27 0 0 2 27 "Za" 1
"687" 687 26 0 0 3 26 "Za" 1
"688" 688 26 0 0 3 26 "Za" 1
"689" 689 20 0 0 9 20 "Za" 1
"690" 690 27 0 0 2 27 "Za" 1
"691" 691 27 0 0 2 27 "Za" 1
"692" 692 24 0 0 5 24 "Za" 1
"693" 693 28 0 0 1 28 "Za" 1
"694" 694 28 0 0 1 28 "Za" 1
"695" 695 28 0 0 1 28 "Za" 1
"696" 696 27 0 0 2 27 "Za" 1
"697" 697 28 0 0 1 28 "Za" 1
"698" 698 27 0 0 2 27 "Za" 1
"699" 699 27 0 0 2 27 "Za" 1
"700" 700 28 0 0 1 28 "Za" 1
"701" 701 28 0 0 1 28 "Za" 1
"702" 702 3 25 0 1 28 "Przeciw" 0.89
"703" 703 28 0 0 1 28 "Za" 1
"704" 704 26 1 0 2 27 "Za" 0.96
"705" 705 27 0 0 2 27 "Za" 1
"706" 706 27 0 0 2 27 "Za" 1
"707" 707 28 0 0 1 28 "Za" 1
"708" 708 28 0 0 1 28 "Za" 1
"709" 709 27 0 0 2 27 "Za" 1
"710" 710 26 0 0 3 26 "Za" 1
"711" 711 27 0 0 2 27 "Za" 1
"712" 712 28 0 0 1 28 "Za" 1
"713" 713 28 0 0 1 28 "Za" 1
"714" 714 28 0 0 1 28 "Za" 1
"715" 715 22 3 0 4 25 "Za" 0.88
"716" 716 29 0 0 0 29 "Za" 1
"717" 717 0 1 28 0 29 "Wstrzyma³ siê" 0.97
"718" 718 28 0 0 1 28 "Za" 1
"719" 719 29 0 0 0 29 "Za" 1
"720" 720 0 4 25 0 29 "Wstrzyma³ siê" 0.86
"721" 721 29 0 0 0 29 "Za" 1
"722" 722 0 29 0 0 29 "Przeciw" 1
"723" 723 28 0 0 1 28 "Za" 1
"724" 724 29 0 0 0 29 "Za" 1
"725" 725 29 0 0 0 29 "Za" 1
"726" 726 0 29 0 0 29 "Przeciw" 1
"727" 727 0 0 28 1 28 "Wstrzyma³ siê" 1
"728" 728 8 0 21 0 29 "Wstrzyma³ siê" 0.72
"729" 729 29 0 0 0 29 "Za" 1
"730" 730 29 0 0 0 29 "Za" 1
"731" 731 5 0 23 1 28 "Wstrzyma³ siê" 0.82
"732" 732 0 0 29 0 29 "Wstrzyma³ siê" 1
"733" 733 0 0 28 1 28 "Wstrzyma³ siê" 1
"734" 734 28 0 0 1 28 "Za" 1
"735" 735 29 0 0 0 29 "Za" 1
"736" 736 29 0 0 0 29 "Za" 1
"737" 737 29 0 0 0 29 "Za" 1
"738" 738 27 0 0 2 27 "Za" 1
"739" 739 28 0 0 1 28 "Za" 1
"740" 740 29 0 0 0 29 "Za" 1
"741" 741 29 0 0 0 29 "Za" 1
"742" 742 28 0 0 1 28 "Za" 1
"743" 743 29 0 0 0 29 "Za" 1
"744" 744 0 28 0 1 28 "Przeciw" 1
"745" 745 5 24 0 0 29 "Przeciw" 0.83
"746" 746 28 0 0 1 28 "Za" 1
"747" 747 29 0 0 0 29 "Za" 1
"748" 748 29 0 0 0 29 "Za" 1
"749" 749 29 0 0 0 29 "Za" 1
"750" 750 27 0 0 2 27 "Za" 1
"751" 751 24 0 1 4 25 "Za" 0.96
"752" 752 0 29 0 0 29 "Przeciw" 1
"753" 753 0 29 0 0 29 "Przeciw" 1
"754" 754 29 0 0 0 29 "Za" 1
"755" 755 28 0 0 1 28 "Za" 1
"756" 756 27 0 0 2 27 "Za" 1
"757" 757 27 0 0 2 27 "Za" 1
"758" 758 0 0 27 2 27 "Wstrzyma³ siê" 1
"759" 759 0 29 0 0 29 "Przeciw" 1
"760" 760 0 28 0 1 28 "Przeciw" 1
"761" 761 0 29 0 0 29 "Przeciw" 1
"762" 762 0 29 0 0 29 "Przeciw" 1
"763" 763 0 29 0 0 29 "Przeciw" 1
"764" 764 0 29 0 0 29 "Przeciw" 1
"765" 765 0 29 0 0 29 "Przeciw" 1
"766" 766 0 29 0 0 29 "Przeciw" 1
"767" 767 0 28 0 1 28 "Przeciw" 1
"768" 768 0 29 0 0 29 "Przeciw" 1
"769" 769 29 0 0 0 29 "Za" 1
"770" 770 0 27 1 1 28 "Przeciw" 0.96
"771" 771 0 29 0 0 29 "Przeciw" 1
"772" 772 28 0 1 0 29 "Za" 0.97
"773" 773 1 28 0 0 29 "Przeciw" 0.97
"774" 774 1 28 0 0 29 "Przeciw" 0.97
"775" 775 0 29 0 0 29 "Przeciw" 1
"776" 776 0 29 0 0 29 "Przeciw" 1
"777" 777 1 26 0 2 27 "Przeciw" 0.96
"778" 778 10 1 18 0 29 "Wstrzyma³ siê" 0.62
"779" 779 0 29 0 0 29 "Przeciw" 1
"780" 780 1 28 0 0 29 "Przeciw" 0.97
"781" 781 28 1 0 0 29 "Za" 0.97
"782" 782 29 0 0 0 29 "Za" 1
"783" 783 0 29 0 0 29 "Przeciw" 1
"784" 784 0 29 0 0 29 "Przeciw" 1
"785" 785 0 29 0 0 29 "Przeciw" 1
"786" 786 29 0 0 0 29 "Za" 1
"787" 787 29 0 0 0 29 "Za" 1
"788" 788 0 29 0 0 29 "Przeciw" 1
"789" 789 0 29 0 0 29 "Przeciw" 1
"790" 790 0 29 0 0 29 "Przeciw" 1
"791" 791 0 29 0 0 29 "Przeciw" 1
"792" 792 0 29 0 0 29 "Przeciw" 1
"793" 793 29 0 0 0 29 "Za" 1
"794" 794 27 0 0 2 27 "Za" 1
"795" 795 27 0 0 2 27 "Za" 1
"796" 796 27 0 0 2 27 "Za" 1
"797" 797 27 0 0 2 27 "Za" 1
"798" 798 27 0 0 2 27 "Za" 1
"799" 799 27 0 0 2 27 "Za" 1
"800" 800 26 0 0 3 26 "Za" 1
"801" 801 0 27 0 2 27 "Przeciw" 1
"802" 802 0 27 0 2 27 "Przeciw" 1
"803" 803 0 27 0 2 27 "Przeciw" 1
"804" 804 0 27 0 2 27 "Przeciw" 1
"805" 805 27 0 0 2 27 "Za" 1
"806" 806 27 0 0 2 27 "Za" 1
"807" 807 27 0 0 2 27 "Za" 1
"808" 808 27 0 0 2 27 "Za" 1
"809" 809 27 0 0 2 27 "Za" 1
"810" 810 27 0 0 2 27 "Za" 1
"811" 811 0 0 26 3 26 "Wstrzyma³ siê" 1
"812" 812 27 0 0 2 27 "Za" 1
"813" 813 1 0 26 2 27 "Wstrzyma³ siê" 0.96
"814" 814 23 0 4 2 27 "Za" 0.85
"815" 815 27 0 0 2 27 "Za" 1
"816" 816 27 0 0 2 27 "Za" 1
"817" 817 27 0 0 2 27 "Za" 1
"818" 818 27 0 0 2 27 "Za" 1
"819" 819 0 0 25 4 25 "Wstrzyma³ siê" 1
"820" 820 27 0 0 2 27 "Za" 1
"821" 821 27 0 0 2 27 "Za" 1
"822" 822 27 0 0 2 27 "Za" 1
"823" 823 0 0 27 2 27 "Wstrzyma³ siê" 1
"824" 824 0 0 27 2 27 "Wstrzyma³ siê" 1
"825" 825 27 0 0 2 27 "Za" 1
"826" 826 1 0 26 2 27 "Wstrzyma³ siê" 0.96
"827" 827 27 0 0 2 27 "Za" 1
"828" 828 27 0 0 2 27 "Za" 1
"829" 829 3 24 0 2 27 "Przeciw" 0.89
"830" 830 27 0 0 2 27 "Za" 1
"831" 831 26 0 0 3 26 "Za" 1
"832" 832 0 1 26 2 27 "Wstrzyma³ siê" 0.96
"833" 833 27 0 0 2 27 "Za" 1
"834" 834 27 0 0 2 27 "Za" 1
"835" 835 27 0 0 2 27 "Za" 1
"836" 836 25 0 0 4 25 "Za" 1
"837" 837 27 0 0 2 27 "Za" 1
"838" 838 26 0 0 3 26 "Za" 1
"839" 839 0 25 1 3 26 "Przeciw" 0.96
"840" 840 1 0 25 3 26 "Wstrzyma³ siê" 0.96
"841" 841 2 23 1 3 26 "Przeciw" 0.88
"842" 842 23 0 3 3 26 "Za" 0.88
"843" 843 17 1 3 8 21 "Za" 0.81
"844" 844 2 2 21 4 25 "Wstrzyma³ siê" 0.84
"845" 845 0 25 0 4 25 "Przeciw" 1
"846" 846 25 0 1 3 26 "Za" 0.96
"847" 847 26 0 0 3 26 "Za" 1
"848" 848 24 0 0 5 24 "Za" 1
"849" 849 23 1 0 5 24 "Za" 0.96
"850" 850 0 26 0 3 26 "Przeciw" 1
"851" 851 1 25 0 3 26 "Przeciw" 0.96
"852" 852 26 0 0 3 26 "Za" 1
"853" 853 26 0 0 3 26 "Za" 1
"854" 854 25 0 0 4 25 "Za" 1
"855" 855 26 0 0 3 26 "Za" 1
"856" 856 26 0 0 3 26 "Za" 1
"857" 857 26 0 0 3 26 "Za" 1
"858" 858 26 0 0 3 26 "Za" 1
"859" 859 26 0 0 3 26 "Za" 1
"860" 860 26 0 0 3 26 "Za" 1
"861" 861 26 0 0 3 26 "Za" 1
"862" 862 26 0 0 3 26 "Za" 1
"863" 863 26 0 0 3 26 "Za" 1
"864" 864 26 0 0 3 26 "Za" 1
"865" 865 19 2 0 8 21 "Za" 0.9
"866" 866 0 26 0 3 26 "Przeciw" 1
"867" 867 0 26 0 3 26 "Przeciw" 1
"868" 868 0 26 0 3 26 "Przeciw" 1
"869" 869 26 0 0 3 26 "Za" 1
"870" 870 25 0 0 4 25 "Za" 1
"871" 871 26 0 0 3 26 "Za" 1
"872" 872 26 0 0 3 26 "Za" 1
"873" 873 25 0 0 4 25 "Za" 1
"874" 874 26 0 0 3 26 "Za" 1
"875" 875 25 0 0 4 25 "Za" 1
"876" 876 24 0 0 5 24 "Za" 1
"877" 877 25 0 0 4 25 "Za" 1
"878" 878 3 0 22 4 25 "Wstrzyma³ siê" 0.88
"879" 879 25 0 0 4 25 "Za" 1
"880" 880 25 0 0 4 25 "Za" 1
"881" 881 25 0 0 4 25 "Za" 1
"882" 882 25 0 0 4 25 "Za" 1
"883" 883 25 0 0 4 25 "Za" 1
"884" 884 24 0 0 5 24 "Za" 1
"885" 885 0 0 26 3 26 "Wstrzyma³ siê" 1
"886" 886 26 0 0 3 26 "Za" 1
"887" 887 0 25 1 3 26 "Przeciw" 0.96
"888" 888 25 0 1 3 26 "Za" 0.96
"889" 889 26 0 0 3 26 "Za" 1
"890" 890 24 0 1 4 25 "Za" 0.96
"891" 891 27 0 0 2 27 "Za" 1
"892" 892 27 0 0 2 27 "Za" 1
"893" 893 25 0 0 4 25 "Za" 1
"894" 894 25 0 0 4 25 "Za" 1
"895" 895 27 0 0 2 27 "Za" 1
"896" 896 27 0 0 2 27 "Za" 1
"897" 897 27 0 0 2 27 "Za" 1
"898" 898 27 0 0 2 27 "Za" 1
"899" 899 24 0 2 3 26 "Za" 0.92
"900" 900 27 0 0 2 27 "Za" 1
"901" 901 25 0 0 4 25 "Za" 1
"902" 902 0 27 0 2 27 "Przeciw" 1
"903" 903 0 27 0 2 27 "Przeciw" 1
"904" 904 0 0 27 2 27 "Wstrzyma³ siê" 1
"905" 905 29 0 0 0 29 "Za" 1
"906" 906 1 28 0 0 29 "Przeciw" 0.97
"907" 907 29 0 0 0 29 "Za" 1
"908" 908 28 0 0 1 28 "Za" 1
"909" 909 28 0 0 1 28 "Za" 1
"910" 910 29 0 0 0 29 "Za" 1
"911" 911 27 0 0 2 27 "Za" 1
"912" 912 29 0 0 0 29 "Za" 1
"913" 913 29 0 0 0 29 "Za" 1
"914" 914 29 0 0 0 29 "Za" 1
"915" 915 27 0 0 2 27 "Za" 1
"916" 916 29 0 0 0 29 "Za" 1
"917" 917 29 0 0 0 29 "Za" 1
"918" 918 28 0 0 1 28 "Za" 1
"919" 919 28 1 0 0 29 "Za" 0.97
"920" 920 28 0 0 1 28 "Za" 1
"921" 921 27 0 0 2 27 "Za" 1
"922" 922 6 23 0 0 29 "Przeciw" 0.79
"923" 923 29 0 0 0 29 "Za" 1
"924" 924 29 0 0 0 29 "Za" 1
"925" 925 0 29 0 0 29 "Przeciw" 1
"926" 926 0 29 0 0 29 "Przeciw" 1
"927" 927 0 28 0 1 28 "Przeciw" 1
"928" 928 0 28 0 1 28 "Przeciw" 1
"929" 929 0 28 0 1 28 "Przeciw" 1
"930" 930 0 29 0 0 29 "Przeciw" 1
"931" 931 0 29 0 0 29 "Przeciw" 1
"932" 932 29 0 0 0 29 "Za" 1
"933" 933 0 29 0 0 29 "Przeciw" 1
"934" 934 0 29 0 0 29 "Przeciw" 1
"935" 935 0 28 0 1 28 "Przeciw" 1
"936" 936 0 28 0 1 28 "Przeciw" 1
"937" 937 0 27 0 2 27 "Przeciw" 1
"938" 938 0 23 0 6 23 "Przeciw" 1
"939" 939 0 20 0 9 20 "Przeciw" 1
"940" 940 0 29 0 0 29 "Przeciw" 1
"941" 941 0 28 1 0 29 "Przeciw" 0.97
"942" 942 0 29 0 0 29 "Przeciw" 1
"943" 943 0 28 1 0 29 "Przeciw" 0.97
"944" 944 0 29 0 0 29 "Przeciw" 1
"945" 945 0 28 0 1 28 "Przeciw" 1
"946" 946 0 29 0 0 29 "Przeciw" 1
"947" 947 0 29 0 0 29 "Przeciw" 1
"948" 948 28 1 0 0 29 "Za" 0.97
"949" 949 0 28 0 1 28 "Przeciw" 1
"950" 950 0 29 0 0 29 "Przeciw" 1
"951" 951 0 29 0 0 29 "Przeciw" 1
"952" 952 0 27 0 2 27 "Przeciw" 1
"953" 953 0 29 0 0 29 "Przeciw" 1
"954" 954 0 29 0 0 29 "Przeciw" 1
"955" 955 0 29 0 0 29 "Przeciw" 1
"956" 956 0 29 0 0 29 "Przeciw" 1
"957" 957 0 29 0 0 29 "Przeciw" 1
"958" 958 29 0 0 0 29 "Za" 1
"959" 959 0 29 0 0 29 "Przeciw" 1
"960" 960 0 28 0 1 28 "Przeciw" 1
"961" 961 0 29 0 0 29 "Przeciw" 1
"962" 962 6 20 0 3 26 "Przeciw" 0.77
"963" 963 2 21 0 6 23 "Przeciw" 0.91
"964" 964 26 0 2 1 28 "Za" 0.93
"965" 965 28 0 0 1 28 "Za" 1
"966" 966 28 0 0 1 28 "Za" 1
"967" 967 28 0 0 1 28 "Za" 1
"968" 968 29 0 0 0 29 "Za" 1
"969" 969 29 0 0 0 29 "Za" 1
"970" 970 29 0 0 0 29 "Za" 1
"971" 971 0 29 0 0 29 "Przeciw" 1
"972" 972 29 0 0 0 29 "Za" 1
"973" 973 29 0 0 0 29 "Za" 1
"974" 974 27 0 0 2 27 "Za" 1
"975" 975 28 0 0 1 28 "Za" 1
"976" 976 29 0 0 0 29 "Za" 1
"977" 977 29 0 0 0 29 "Za" 1
"978" 978 29 0 0 0 29 "Za" 1
"979" 979 1 27 1 0 29 "Przeciw" 0.93
"980" 980 29 0 0 0 29 "Za" 1
"981" 981 29 0 0 0 29 "Za" 1
"982" 982 29 0 0 0 29 "Za" 1
"983" 983 29 0 0 0 29 "Za" 1
"984" 984 28 0 0 1 28 "Za" 1
"985" 985 29 0 0 0 29 "Za" 1
"986" 986 29 0 0 0 29 "Za" 1
"987" 987 29 0 0 0 29 "Za" 1
"988" 988 28 0 0 1 28 "Za" 1
"989" 989 29 0 0 0 29 "Za" 1
"990" 990 29 0 0 0 29 "Za" 1
"991" 991 29 0 0 0 29 "Za" 1
"992" 992 29 0 0 0 29 "Za" 1
"993" 993 29 0 0 0 29 "Za" 1
"994" 994 27 0 1 1 28 "Za" 0.96
"995" 995 1 1 27 0 29 "Wstrzyma³ siê" 0.93
"996" 996 29 0 0 0 29 "Za" 1
"997" 997 29 0 0 0 29 "Za" 1
"998" 998 29 0 0 0 29 "Za" 1
"999" 999 29 0 0 0 29 "Za" 1
"1000" 1000 29 0 0 0 29 "Za" 1
"1001" 1001 29 0 0 0 29 "Za" 1
"1002" 1002 0 29 0 0 29 "Przeciw" 1
"1003" 1003 1 28 0 0 29 "Przeciw" 0.97
"1004" 1004 24 0 1 4 25 "Za" 0.96
"1005" 1005 24 0 1 4 25 "Za" 0.96
"1006" 1006 29 0 0 0 29 "Za" 1
"1007" 1007 29 0 0 0 29 "Za" 1
"1008" 1008 29 0 0 0 29 "Za" 1
"1009" 1009 29 0 0 0 29 "Za" 1
"1010" 1010 29 0 0 0 29 "Za" 1
"1011" 1011 29 0 0 0 29 "Za" 1
"1012" 1012 29 0 0 0 29 "Za" 1
"1013" 1013 29 0 0 0 29 "Za" 1
"1014" 1014 26 0 1 2 27 "Za" 0.96
"1015" 1015 28 0 0 1 28 "Za" 1
"1016" 1016 29 0 0 0 29 "Za" 1
"1017" 1017 2 0 27 0 29 "Wstrzyma³ siê" 0.93
"1018" 1018 29 0 0 0 29 "Za" 1
"1019" 1019 27 0 0 2 27 "Za" 1
"1020" 1020 29 0 0 0 29 "Za" 1
"1021" 1021 28 0 0 1 28 "Za" 1
"1022" 1022 28 0 0 1 28 "Za" 1
"1023" 1023 29 0 0 0 29 "Za" 1
"1024" 1024 29 0 0 0 29 "Za" 1
"1025" 1025 29 0 0 0 29 "Za" 1
"1026" 1026 29 0 0 0 29 "Za" 1
"1027" 1027 29 0 0 0 29 "Za" 1
"1028" 1028 0 0 0 29 0 "Za" 0
"1029" 1029 27 0 0 2 27 "Za" 1
"1030" 1030 0 26 0 3 26 "Przeciw" 1
"1031" 1031 0 27 0 2 27 "Przeciw" 1
"1032" 1032 0 27 0 2 27 "Przeciw" 1
"1033" 1033 0 27 0 2 27 "Przeciw" 1
"1034" 1034 0 27 0 2 27 "Przeciw" 1
"1035" 1035 0 26 0 3 26 "Przeciw" 1
"1036" 1036 27 0 0 2 27 "Za" 1
"1037" 1037 27 0 0 2 27 "Za" 1
"1038" 1038 28 0 0 1 28 "Za" 1
"1039" 1039 8 0 20 1 28 "Wstrzyma³ siê" 0.71
"1040" 1040 28 0 0 1 28 "Za" 1
"1041" 1041 0 28 0 1 28 "Przeciw" 1
"1042" 1042 28 0 0 1 28 "Za" 1
"1043" 1043 0 27 0 2 27 "Przeciw" 1
"1044" 1044 0 27 1 1 28 "Przeciw" 0.96
"1045" 1045 0 28 0 1 28 "Przeciw" 1
"1046" 1046 0 28 0 1 28 "Przeciw" 1
"1047" 1047 0 27 0 2 27 "Przeciw" 1
"1048" 1048 0 28 0 1 28 "Przeciw" 1
"1049" 1049 0 28 0 1 28 "Przeciw" 1
"1050" 1050 0 28 0 1 28 "Przeciw" 1
"1051" 1051 0 26 1 2 27 "Przeciw" 0.96
"1052" 1052 0 27 0 2 27 "Przeciw" 1
"1053" 1053 0 28 0 1 28 "Przeciw" 1
"1054" 1054 0 28 0 1 28 "Przeciw" 1
"1055" 1055 28 0 0 1 28 "Za" 1
"1056" 1056 0 28 0 1 28 "Przeciw" 1
"1057" 1057 0 28 0 1 28 "Przeciw" 1
"1058" 1058 0 28 0 1 28 "Przeciw" 1
"1059" 1059 0 28 0 1 28 "Przeciw" 1
"1060" 1060 0 28 0 1 28 "Przeciw" 1
"1061" 1061 0 28 0 1 28 "Przeciw" 1
"1062" 1062 0 28 0 1 28 "Przeciw" 1
"1063" 1063 0 28 0 1 28 "Przeciw" 1
"1064" 1064 0 28 0 1 28 "Przeciw" 1
"1065" 1065 0 28 0 1 28 "Przeciw" 1
"1066" 1066 0 28 0 1 28 "Przeciw" 1
"1067" 1067 0 27 0 2 27 "Przeciw" 1
"1068" 1068 27 0 1 1 28 "Za" 0.96
"1069" 1069 0 28 0 1 28 "Przeciw" 1
"1070" 1070 0 28 0 1 28 "Przeciw" 1
"1071" 1071 28 0 0 1 28 "Za" 1
"1072" 1072 27 0 0 2 27 "Za" 1
"1073" 1073 28 0 0 1 28 "Za" 1
"1074" 1074 28 0 0 1 28 "Za" 1
"1075" 1075 0 28 0 1 28 "Przeciw" 1
"1076" 1076 28 0 0 1 28 "Za" 1
"1077" 1077 27 0 0 2 27 "Za" 1
"1078" 1078 28 0 0 1 28 "Za" 1
"1079" 1079 28 0 0 1 28 "Za" 1
"1080" 1080 28 0 0 1 28 "Za" 1
"1081" 1081 28 0 0 1 28 "Za" 1
"1082" 1082 28 0 0 1 28 "Za" 1
"1083" 1083 26 1 0 2 27 "Za" 0.96
"1084" 1084 25 0 0 4 25 "Za" 1
"1085" 1085 25 0 0 4 25 "Za" 1
"1086" 1086 3 0 22 4 25 "Wstrzyma³ siê" 0.88
"1087" 1087 25 0 0 4 25 "Za" 1
"1088" 1088 12 5 7 5 24 "Za" 0.5
"1089" 1089 26 0 1 2 27 "Za" 0.96
"1090" 1090 26 0 0 3 26 "Za" 1
"1091" 1091 27 0 0 2 27 "Za" 1
"1092" 1092 26 0 0 3 26 "Za" 1
"1093" 1093 26 0 0 3 26 "Za" 1
"1094" 1094 27 0 0 2 27 "Za" 1
"1095" 1095 26 0 0 3 26 "Za" 1
"1096" 1096 0 26 0 3 26 "Przeciw" 1
"1097" 1097 27 0 0 2 27 "Za" 1
"1098" 1098 27 0 0 2 27 "Za" 1
"1099" 1099 27 0 0 2 27 "Za" 1
"1100" 1100 27 0 0 2 27 "Za" 1
"1101" 1101 26 0 0 3 26 "Za" 1
"1102" 1102 26 0 0 3 26 "Za" 1
"1103" 1103 25 0 0 4 25 "Za" 1
"1104" 1104 27 0 0 2 27 "Za" 1
"1105" 1105 25 0 0 4 25 "Za" 1
"1106" 1106 27 0 0 2 27 "Za" 1
"1107" 1107 26 0 0 3 26 "Za" 1
"1108" 1108 27 0 0 2 27 "Za" 1
"1109" 1109 26 0 0 3 26 "Za" 1
"1110" 1110 27 0 0 2 27 "Za" 1
"1111" 1111 3 23 0 3 26 "Przeciw" 0.88
"1112" 1112 0 25 0 4 25 "Przeciw" 1
"1113" 1113 24 0 1 4 25 "Za" 0.96
"1114" 1114 24 2 1 2 27 "Za" 0.89
"1115" 1115 27 0 0 2 27 "Za" 1
"1116" 1116 27 0 0 2 27 "Za" 1
"1117" 1117 1 26 0 2 27 "Przeciw" 0.96
"1118" 1118 11 16 0 2 27 "Przeciw" 0.59
"1119" 1119 24 0 0 5 24 "Za" 1
"1120" 1120 23 0 0 6 23 "Za" 1
"1121" 1121 27 0 0 2 27 "Za" 1
"1122" 1122 26 0 0 3 26 "Za" 1
"1123" 1123 26 0 0 3 26 "Za" 1
"1124" 1124 26 0 0 3 26 "Za" 1
"1125" 1125 0 26 0 3 26 "Przeciw" 1
"1126" 1126 26 0 0 3 26 "Za" 1
"1127" 1127 0 27 0 2 27 "Przeciw" 1
"1128" 1128 25 0 0 4 25 "Za" 1
"1129" 1129 27 0 0 2 27 "Za" 1
"1130" 1130 27 0 0 2 27 "Za" 1
"1131" 1131 27 0 0 2 27 "Za" 1
"1132" 1132 27 0 0 2 27 "Za" 1
"1133" 1133 27 0 0 2 27 "Za" 1
"1134" 1134 26 0 0 3 26 "Za" 1
"1135" 1135 0 26 0 3 26 "Przeciw" 1
"1136" 1136 9 16 1 3 26 "Przeciw" 0.62
"1137" 1137 26 1 1 1 28 "Za" 0.93
"1138" 1138 0 28 0 1 28 "Przeciw" 1
"1139" 1139 0 28 0 1 28 "Przeciw" 1
"1140" 1140 0 28 0 1 28 "Przeciw" 1
"1141" 1141 0 28 0 1 28 "Przeciw" 1
"1142" 1142 0 28 0 1 28 "Przeciw" 1
"1143" 1143 28 0 0 1 28 "Za" 1
"1144" 1144 0 28 0 1 28 "Przeciw" 1
"1145" 1145 0 28 0 1 28 "Przeciw" 1
"1146" 1146 0 28 0 1 28 "Przeciw" 1
"1147" 1147 0 28 0 1 28 "Przeciw" 1
"1148" 1148 0 28 0 1 28 "Przeciw" 1
"1149" 1149 0 26 0 3 26 "Przeciw" 1
"1150" 1150 0 28 0 1 28 "Przeciw" 1
"1151" 1151 0 28 0 1 28 "Przeciw" 1
"1152" 1152 28 0 0 1 28 "Za" 1
"1153" 1153 0 28 0 1 28 "Przeciw" 1
"1154" 1154 25 0 0 4 25 "Za" 1
"1155" 1155 0 25 0 4 25 "Przeciw" 1
"1156" 1156 0 28 0 1 28 "Przeciw" 1
"1157" 1157 0 28 0 1 28 "Przeciw" 1
"1158" 1158 0 28 0 1 28 "Przeciw" 1
"1159" 1159 0 26 1 2 27 "Przeciw" 0.96
"1160" 1160 0 0 27 2 27 "Wstrzyma³ siê" 1
"1161" 1161 0 4 24 1 28 "Wstrzyma³ siê" 0.86
"1162" 1162 0 0 28 1 28 "Wstrzyma³ siê" 1
"1163" 1163 0 0 28 1 28 "Wstrzyma³ siê" 1
"1164" 1164 0 28 0 1 28 "Przeciw" 1
"1165" 1165 0 28 0 1 28 "Przeciw" 1
"1166" 1166 1 0 27 1 28 "Wstrzyma³ siê" 0.96
"1167" 1167 28 0 0 1 28 "Za" 1
"1168" 1168 27 1 0 1 28 "Za" 0.96
"1169" 1169 0 26 0 3 26 "Przeciw" 1
"1170" 1170 4 21 2 2 27 "Przeciw" 0.78
"1171" 1171 9 19 0 1 28 "Przeciw" 0.68
"1172" 1172 27 0 0 2 27 "Za" 1
"1173" 1173 28 0 0 1 28 "Za" 1
"1174" 1174 28 0 0 1 28 "Za" 1
"1175" 1175 28 0 0 1 28 "Za" 1
"1176" 1176 28 0 0 1 28 "Za" 1
"1177" 1177 26 0 0 3 26 "Za" 1
"1178" 1178 28 0 0 1 28 "Za" 1
"1179" 1179 6 0 21 2 27 "Wstrzyma³ siê" 0.78
"1180" 1180 28 0 0 1 28 "Za" 1
"1181" 1181 25 1 0 3 26 "Za" 0.96
"1182" 1182 28 0 0 1 28 "Za" 1
"1183" 1183 28 0 0 1 28 "Za" 1
"1184" 1184 28 0 0 1 28 "Za" 1
"1185" 1185 28 0 0 1 28 "Za" 1
"1186" 1186 28 0 0 1 28 "Za" 1
"1187" 1187 0 0 25 4 25 "Wstrzyma³ siê" 1
"1188" 1188 26 0 0 3 26 "Za" 1
"1189" 1189 0 27 0 2 27 "Przeciw" 1
"1190" 1190 28 0 0 1 28 "Za" 1
"1191" 1191 5 5 18 1 28 "Wstrzyma³ siê" 0.64
"1192" 1192 28 0 0 1 28 "Za" 1
"1193" 1193 26 0 0 3 26 "Za" 1
"1194" 1194 29 0 0 0 29 "Za" 1
"1195" 1195 28 0 0 1 28 "Za" 1
"1196" 1196 28 1 0 0 29 "Za" 0.97
"1197" 1197 29 0 0 0 29 "Za" 1
"1198" 1198 27 0 0 2 27 "Za" 1
"1199" 1199 28 0 0 1 28 "Za" 1
"1200" 1200 29 0 0 0 29 "Za" 1
"1201" 1201 29 0 0 0 29 "Za" 1
"1202" 1202 27 0 0 2 27 "Za" 1
"1203" 1203 29 0 0 0 29 "Za" 1
"1204" 1204 0 29 0 0 29 "Przeciw" 1
"1205" 1205 27 0 0 2 27 "Za" 1
"1206" 1206 29 0 0 0 29 "Za" 1
"1207" 1207 29 0 0 0 29 "Za" 1
"1208" 1208 29 0 0 0 29 "Za" 1
"1209" 1209 29 0 0 0 29 "Za" 1
"1210" 1210 29 0 0 0 29 "Za" 1
"1211" 1211 19 0 0 10 19 "Za" 1
"1212" 1212 28 0 0 1 28 "Za" 1
"1213" 1213 28 0 0 1 28 "Za" 1
"1214" 1214 0 27 0 2 27 "Przeciw" 1
"1215" 1215 0 27 0 2 27 "Przeciw" 1
"1216" 1216 27 0 0 2 27 "Za" 1
"1217" 1217 27 0 0 2 27 "Za" 1
"1218" 1218 27 0 0 2 27 "Za" 1
"1219" 1219 0 0 0 29 0 "Za" 0
"1220" 1220 0 24 0 5 24 "Przeciw" 1
"1221" 1221 22 0 1 6 23 "Za" 0.96
"1222" 1222 0 23 1 5 24 "Przeciw" 0.96
"1223" 1223 25 0 0 4 25 "Za" 1
"1224" 1224 1 24 0 4 25 "Przeciw" 0.96
"1225" 1225 1 24 0 4 25 "Przeciw" 0.96
"1226" 1226 25 0 0 4 25 "Za" 1
"1227" 1227 2 23 0 4 25 "Przeciw" 0.92
"1228" 1228 25 0 0 4 25 "Za" 1
"1229" 1229 25 0 0 4 25 "Za" 1
"1230" 1230 25 0 0 4 25 "Za" 1
"1231" 1231 25 0 0 4 25 "Za" 1
"1232" 1232 23 0 0 6 23 "Za" 1
"1233" 1233 25 0 0 4 25 "Za" 1
"1234" 1234 24 0 0 5 24 "Za" 1
"1235" 1235 25 0 0 4 25 "Za" 1
"1236" 1236 25 0 0 4 25 "Za" 1
"1237" 1237 25 0 0 4 25 "Za" 1
"1238" 1238 25 0 0 4 25 "Za" 1
"1239" 1239 25 0 0 4 25 "Za" 1
"1240" 1240 0 24 0 5 24 "Przeciw" 1
"1241" 1241 0 24 0 5 24 "Przeciw" 1
"1242" 1242 25 0 0 4 25 "Za" 1
"1243" 1243 23 1 1 4 25 "Za" 0.92
"1244" 1244 0 0 25 4 25 "Wstrzyma³ siê" 1
"1245" 1245 22 0 2 5 24 "Za" 0.92
"1246" 1246 0 0 25 4 25 "Wstrzyma³ siê" 1
"1247" 1247 0 27 0 2 27 "Przeciw" 1
"1248" 1248 0 27 0 2 27 "Przeciw" 1
"1249" 1249 0 27 0 2 27 "Przeciw" 1
"1250" 1250 0 27 0 2 27 "Przeciw" 1
"1251" 1251 0 26 0 3 26 "Przeciw" 1
"1252" 1252 0 27 0 2 27 "Przeciw" 1
"1253" 1253 0 26 0 3 26 "Przeciw" 1
"1254" 1254 0 26 0 3 26 "Przeciw" 1
"1255" 1255 0 26 0 3 26 "Przeciw" 1
"1256" 1256 0 27 0 2 27 "Przeciw" 1
"1257" 1257 0 27 0 2 27 "Przeciw" 1
"1258" 1258 0 26 0 3 26 "Przeciw" 1
"1259" 1259 0 25 0 4 25 "Przeciw" 1
"1260" 1260 0 27 0 2 27 "Przeciw" 1
"1261" 1261 0 27 0 2 27 "Przeciw" 1
"1262" 1262 27 0 0 2 27 "Za" 1
"1263" 1263 27 0 0 2 27 "Za" 1
"1264" 1264 26 0 1 2 27 "Za" 0.96
"1265" 1265 0 0 27 2 27 "Wstrzyma³ siê" 1
"1266" 1266 27 0 0 2 27 "Za" 1
"1267" 1267 26 1 0 2 27 "Za" 0.96
"1268" 1268 26 0 0 3 26 "Za" 1
"1269" 1269 21 0 0 8 21 "Za" 1
"1270" 1270 27 0 0 2 27 "Za" 1
"1271" 1271 27 0 0 2 27 "Za" 1
"1272" 1272 27 0 0 2 27 "Za" 1
"1273" 1273 27 0 0 2 27 "Za" 1
"1274" 1274 26 0 0 3 26 "Za" 1
"1275" 1275 0 27 0 2 27 "Przeciw" 1
"1276" 1276 0 27 0 2 27 "Przeciw" 1
"1277" 1277 27 0 0 2 27 "Za" 1
"1278" 1278 27 0 0 2 27 "Za" 1
"1279" 1279 27 0 0 2 27 "Za" 1
"1280" 1280 27 0 0 2 27 "Za" 1
"1281" 1281 26 0 0 3 26 "Za" 1
"1282" 1282 26 0 0 3 26 "Za" 1
"1283" 1283 0 26 0 3 26 "Przeciw" 1
"1284" 1284 0 25 0 4 25 "Przeciw" 1
"1285" 1285 0 28 0 1 28 "Przeciw" 1
"1286" 1286 24 3 0 2 27 "Za" 0.89
"1287" 1287 28 0 0 1 28 "Za" 1
"1288" 1288 28 0 0 1 28 "Za" 1
"1289" 1289 28 0 0 1 28 "Za" 1
"1290" 1290 28 0 0 1 28 "Za" 1
"1291" 1291 28 0 0 1 28 "Za" 1
"1292" 1292 28 0 0 1 28 "Za" 1
"1293" 1293 27 0 0 2 27 "Za" 1
"1294" 1294 27 0 0 2 27 "Za" 1
"1295" 1295 28 0 0 1 28 "Za" 1
"1296" 1296 28 0 0 1 28 "Za" 1
"1297" 1297 27 0 0 2 27 "Za" 1
"1298" 1298 27 0 0 2 27 "Za" 1
"1299" 1299 0 28 0 1 28 "Przeciw" 1
"1300" 1300 28 0 0 1 28 "Za" 1
"1301" 1301 28 0 0 1 28 "Za" 1
"1302" 1302 28 0 0 1 28 "Za" 1
"1303" 1303 0 28 0 1 28 "Przeciw" 1
"1304" 1304 28 0 0 1 28 "Za" 1
"1305" 1305 28 0 0 1 28 "Za" 1
"1306" 1306 28 0 0 1 28 "Za" 1
"1307" 1307 0 28 0 1 28 "Przeciw" 1
"1308" 1308 27 0 0 2 27 "Za" 1
"1309" 1309 28 0 0 1 28 "Za" 1
"1310" 1310 1 27 0 1 28 "Przeciw" 0.96
"1311" 1311 29 0 0 0 29 "Za" 1
"1312" 1312 29 0 0 0 29 "Za" 1
"1313" 1313 0 29 0 0 29 "Przeciw" 1
"1314" 1314 23 0 0 6 23 "Za" 1
"1315" 1315 0 23 0 6 23 "Przeciw" 1
"1316" 1316 0 22 0 7 22 "Przeciw" 1
"1317" 1317 0 23 0 6 23 "Przeciw" 1
"1318" 1318 0 24 0 5 24 "Przeciw" 1
"1319" 1319 0 24 0 5 24 "Przeciw" 1
"1320" 1320 25 0 0 4 25 "Za" 1
"1321" 1321 0 25 0 4 25 "Przeciw" 1
"1322" 1322 0 25 0 4 25 "Przeciw" 1
"1323" 1323 23 2 0 4 25 "Za" 0.92
"1324" 1324 0 25 0 4 25 "Przeciw" 1
"1325" 1325 0 25 0 4 25 "Przeciw" 1
"1326" 1326 0 25 0 4 25 "Przeciw" 1
"1327" 1327 0 25 0 4 25 "Przeciw" 1
"1328" 1328 0 25 0 4 25 "Przeciw" 1
"1329" 1329 0 25 0 4 25 "Przeciw" 1
"1330" 1330 0 25 0 4 25 "Przeciw" 1
"1331" 1331 0 25 0 4 25 "Przeciw" 1
"1332" 1332 0 25 0 4 25 "Przeciw" 1
"1333" 1333 0 25 0 4 25 "Przeciw" 1
"1334" 1334 0 25 0 4 25 "Przeciw" 1
"1335" 1335 24 1 0 4 25 "Za" 0.96
"1336" 1336 22 3 0 4 25 "Za" 0.88
"1337" 1337 1 23 0 5 24 "Przeciw" 0.96
"1338" 1338 0 25 0 4 25 "Przeciw" 1
"1339" 1339 0 25 0 4 25 "Przeciw" 1
"1340" 1340 0 25 0 4 25 "Przeciw" 1
"1341" 1341 0 25 0 4 25 "Przeciw" 1
"1342" 1342 1 22 0 6 23 "Przeciw" 0.96
"1343" 1343 24 1 0 4 25 "Za" 0.96
"1344" 1344 25 0 0 4 25 "Za" 1
"1345" 1345 0 23 1 5 24 "Przeciw" 0.96
"1346" 1346 0 22 0 7 22 "Przeciw" 1
"1347" 1347 0 22 1 6 23 "Przeciw" 0.96
"1348" 1348 0 21 0 8 21 "Przeciw" 1
"1349" 1349 0 22 0 7 22 "Przeciw" 1
"1350" 1350 26 0 0 3 26 "Za" 1
"1351" 1351 0 26 0 3 26 "Przeciw" 1
"1352" 1352 27 0 0 2 27 "Za" 1
"1353" 1353 27 0 0 2 27 "Za" 1
"1354" 1354 27 0 0 2 27 "Za" 1
"1355" 1355 26 0 0 3 26 "Za" 1
"1356" 1356 24 0 0 5 24 "Za" 1
"1357" 1357 23 0 0 6 23 "Za" 1
"1358" 1358 25 0 0 4 25 "Za" 1
"1359" 1359 24 0 0 5 24 "Za" 1
"1360" 1360 10 0 14 5 24 "Wstrzyma³ siê" 0.58
"1361" 1361 0 25 0 4 25 "Przeciw" 1
"1362" 1362 26 0 0 3 26 "Za" 1
"1363" 1363 26 0 0 3 26 "Za" 1
"1364" 1364 24 0 0 5 24 "Za" 1
"1365" 1365 26 0 0 3 26 "Za" 1
"1366" 1366 26 0 0 3 26 "Za" 1
"1367" 1367 24 0 2 3 26 "Za" 0.92
"1368" 1368 24 1 1 3 26 "Za" 0.92
"1369" 1369 22 0 0 7 22 "Za" 1
"1370" 1370 28 0 0 1 28 "Za" 1
"1371" 1371 25 0 0 4 25 "Za" 1
"1372" 1372 27 0 0 2 27 "Za" 1
"1373" 1373 26 0 0 3 26 "Za" 1
"1374" 1374 27 0 0 2 27 "Za" 1
"1375" 1375 27 0 0 2 27 "Za" 1
"1376" 1376 27 0 0 2 27 "Za" 1
"1377" 1377 25 0 0 4 25 "Za" 1
"1378" 1378 28 0 0 1 28 "Za" 1
"1379" 1379 27 0 0 2 27 "Za" 1
"1380" 1380 28 0 0 1 28 "Za" 1
"1381" 1381 28 0 0 1 28 "Za" 1
"1382" 1382 0 28 0 1 28 "Przeciw" 1
"1383" 1383 27 0 0 2 27 "Za" 1
"1384" 1384 28 0 0 1 28 "Za" 1
"1385" 1385 28 0 0 1 28 "Za" 1
"1386" 1386 28 0 0 1 28 "Za" 1
"1387" 1387 25 0 1 3 26 "Za" 0.96
"1388" 1388 25 0 0 4 25 "Za" 1
"1389" 1389 26 0 0 3 26 "Za" 1
"1390" 1390 26 0 0 3 26 "Za" 1
"1391" 1391 26 0 0 3 26 "Za" 1
"1392" 1392 26 0 0 3 26 "Za" 1
"1393" 1393 23 0 1 5 24 "Za" 0.96
"1394" 1394 3 0 23 3 26 "Wstrzyma³ siê" 0.88
"1395" 1395 21 0 2 6 23 "Za" 0.91
"1396" 1396 21 1 0 7 22 "Za" 0.95
"1397" 1397 24 0 0 5 24 "Za" 1
"1398" 1398 21 0 0 8 21 "Za" 1
"1399" 1399 23 0 0 6 23 "Za" 1
"1400" 1400 0 28 0 1 28 "Przeciw" 1
"1401" 1401 5 8 15 1 28 "Wstrzyma³ siê" 0.54
"1402" 1402 3 23 0 3 26 "Przeciw" 0.88
"1403" 1403 26 0 0 3 26 "Za" 1
"1404" 1404 0 28 0 1 28 "Przeciw" 1
"1405" 1405 28 0 0 1 28 "Za" 1
"1406" 1406 28 0 0 1 28 "Za" 1
"1407" 1407 27 0 0 2 27 "Za" 1
"1408" 1408 28 0 0 1 28 "Za" 1
"1409" 1409 28 0 0 1 28 "Za" 1
"1410" 1410 28 0 0 1 28 "Za" 1
"1411" 1411 28 0 0 1 28 "Za" 1
"1412" 1412 0 27 0 2 27 "Przeciw" 1
"1413" 1413 28 0 0 1 28 "Za" 1
"1414" 1414 0 28 0 1 28 "Przeciw" 1
"1415" 1415 28 0 0 1 28 "Za" 1
"1416" 1416 28 0 0 1 28 "Za" 1
"1417" 1417 9 19 0 1 28 "Przeciw" 0.68
"1418" 1418 27 0 0 2 27 "Za" 1
"1419" 1419 27 0 0 2 27 "Za" 1
"1420" 1420 27 0 0 2 27 "Za" 1
"1421" 1421 27 0 0 2 27 "Za" 1
"1422" 1422 26 0 0 3 26 "Za" 1
"1423" 1423 27 0 0 2 27 "Za" 1
"1424" 1424 27 0 0 2 27 "Za" 1
"1425" 1425 27 0 0 2 27 "Za" 1
"1426" 1426 28 0 0 1 28 "Za" 1
"1427" 1427 27 0 0 2 27 "Za" 1
"1428" 1428 0 27 0 2 27 "Przeciw" 1
"1429" 1429 27 0 0 2 27 "Za" 1
"1430" 1430 1 0 28 0 29 "Wstrzyma³ siê" 0.97
"1431" 1431 0 28 0 1 28 "Przeciw" 1
"1432" 1432 28 0 0 1 28 "Za" 1
"1433" 1433 28 0 0 1 28 "Za" 1
"1434" 1434 0 28 0 1 28 "Przeciw" 1
"1435" 1435 0 28 0 1 28 "Przeciw" 1
"1436" 1436 27 0 0 2 27 "Za" 1
"1437" 1437 27 0 0 2 27 "Za" 1
"1438" 1438 26 0 0 3 26 "Za" 1
"1439" 1439 25 0 0 4 25 "Za" 1
"1440" 1440 26 0 0 3 26 "Za" 1
"1441" 1441 26 0 0 3 26 "Za" 1
"1442" 1442 26 0 0 3 26 "Za" 1
"1443" 1443 26 0 0 3 26 "Za" 1
"1444" 1444 26 0 0 3 26 "Za" 1
"1445" 1445 25 0 0 4 25 "Za" 1
"1446" 1446 26 0 0 3 26 "Za" 1
"1447" 1447 26 0 0 3 26 "Za" 1
"1448" 1448 26 0 0 3 26 "Za" 1
"1449" 1449 26 0 0 3 26 "Za" 1
"1450" 1450 0 26 0 3 26 "Przeciw" 1
"1451" 1451 0 26 0 3 26 "Przeciw" 1
"1452" 1452 0 26 0 3 26 "Przeciw" 1
"1453" 1453 27 0 0 2 27 "Za" 1
"1454" 1454 0 27 0 2 27 "Przeciw" 1
"1455" 1455 27 0 0 2 27 "Za" 1
"1456" 1456 27 0 0 2 27 "Za" 1
"1457" 1457 0 27 0 2 27 "Przeciw" 1
"1458" 1458 0 27 0 2 27 "Przeciw" 1
"1459" 1459 0 27 0 2 27 "Przeciw" 1
"1460" 1460 0 26 0 3 26 "Przeciw" 1
"1461" 1461 27 0 0 2 27 "Za" 1
"1462" 1462 26 0 0 3 26 "Za" 1
"1463" 1463 25 0 0 4 25 "Za" 1
"1464" 1464 0 30 0 0 30 "Przeciw" 1
"1465" 1465 30 0 0 0 30 "Za" 1
"1466" 1466 1 29 0 0 30 "Przeciw" 0.97
"1467" 1467 0 29 1 0 30 "Przeciw" 0.97
"1468" 1468 29 0 1 0 30 "Za" 0.97
"1469" 1469 27 0 3 0 30 "Za" 0.9
"1470" 1470 0 30 0 0 30 "Przeciw" 1
"1471" 1471 0 29 1 0 30 "Przeciw" 0.97
"1472" 1472 0 27 3 0 30 "Przeciw" 0.9
"1473" 1473 0 28 0 2 28 "Przeciw" 1
"1474" 1474 30 0 0 0 30 "Za" 1
"1475" 1475 0 30 0 0 30 "Przeciw" 1
"1476" 1476 30 0 0 0 30 "Za" 1
"1477" 1477 29 0 0 1 29 "Za" 1
"1478" 1478 0 29 0 1 29 "Przeciw" 1
"1479" 1479 27 2 0 1 29 "Za" 0.93
"1480" 1480 30 0 0 0 30 "Za" 1
"1481" 1481 28 2 0 0 30 "Za" 0.93
"1482" 1482 1 27 0 2 28 "Przeciw" 0.96
"1483" 1483 0 30 0 0 30 "Przeciw" 1
"1484" 1484 28 0 1 1 29 "Za" 0.97
"1485" 1485 29 0 0 1 29 "Za" 1
"1486" 1486 29 0 0 1 29 "Za" 1
"1487" 1487 29 0 0 1 29 "Za" 1
"1488" 1488 29 0 0 1 29 "Za" 1
"1489" 1489 29 0 0 1 29 "Za" 1
"1490" 1490 29 0 0 1 29 "Za" 1
"1491" 1491 28 1 0 1 29 "Za" 0.97
"1492" 1492 29 1 0 0 30 "Za" 0.97
"1493" 1493 21 8 1 0 30 "Za" 0.7
"1494" 1494 29 0 1 0 30 "Za" 0.97
"1495" 1495 30 0 0 0 30 "Za" 1
"1496" 1496 0 30 0 0 30 "Przeciw" 1
"1497" 1497 0 30 0 0 30 "Przeciw" 1
"1498" 1498 29 0 0 1 29 "Za" 1
"1499" 1499 0 30 0 0 30 "Przeciw" 1
"1500" 1500 0 29 0 1 29 "Przeciw" 1
"1501" 1501 0 30 0 0 30 "Przeciw" 1
"1502" 1502 0 29 0 1 29 "Przeciw" 1
"1503" 1503 29 1 0 0 30 "Za" 0.97
"1504" 1504 0 30 0 0 30 "Przeciw" 1
"1505" 1505 0 29 0 1 29 "Przeciw" 1
"1506" 1506 0 30 0 0 30 "Przeciw" 1
"1507" 1507 0 30 0 0 30 "Przeciw" 1
"1508" 1508 0 29 1 0 30 "Przeciw" 0.97
"1509" 1509 0 28 0 2 28 "Przeciw" 1
"1510" 1510 0 30 0 0 30 "Przeciw" 1
"1511" 1511 0 30 0 0 30 "Przeciw" 1
"1512" 1512 0 30 0 0 30 "Przeciw" 1
"1513" 1513 0 30 0 0 30 "Przeciw" 1
"1514" 1514 0 1 29 0 30 "Wstrzyma³ siê" 0.97
"1515" 1515 0 29 0 1 29 "Przeciw" 1
"1516" 1516 0 30 0 0 30 "Przeciw" 1
"1517" 1517 0 28 0 2 28 "Przeciw" 1
"1518" 1518 0 30 0 0 30 "Przeciw" 1
"1519" 1519 0 30 0 0 30 "Przeciw" 1
"1520" 1520 0 27 0 3 27 "Przeciw" 1
"1521" 1521 0 30 0 0 30 "Przeciw" 1
"1522" 1522 25 5 0 0 30 "Za" 0.83
"1523" 1523 0 29 0 1 29 "Przeciw" 1
"1524" 1524 0 30 0 0 30 "Przeciw" 1
"1525" 1525 0 30 0 0 30 "Przeciw" 1
"1526" 1526 0 30 0 0 30 "Przeciw" 1
"1527" 1527 0 29 0 1 29 "Przeciw" 1
"1528" 1528 0 30 0 0 30 "Przeciw" 1
"1529" 1529 0 30 0 0 30 "Przeciw" 1
"1530" 1530 23 7 0 0 30 "Za" 0.77
"1531" 1531 0 30 0 0 30 "Przeciw" 1
"1532" 1532 0 30 0 0 30 "Przeciw" 1
"1533" 1533 0 30 0 0 30 "Przeciw" 1
"1534" 1534 30 0 0 0 30 "Za" 1
"1535" 1535 1 28 0 1 29 "Przeciw" 0.97
"1536" 1536 0 30 0 0 30 "Przeciw" 1
"1537" 1537 0 30 0 0 30 "Przeciw" 1
"1538" 1538 0 30 0 0 30 "Przeciw" 1
"1539" 1539 27 3 0 0 30 "Za" 0.9
"1540" 1540 0 30 0 0 30 "Przeciw" 1
"1541" 1541 0 29 0 1 29 "Przeciw" 1
"1542" 1542 0 30 0 0 30 "Przeciw" 1
"1543" 1543 0 30 0 0 30 "Przeciw" 1
"1544" 1544 0 29 0 1 29 "Przeciw" 1
"1545" 1545 0 29 0 1 29 "Przeciw" 1
"1546" 1546 0 30 0 0 30 "Przeciw" 1
"1547" 1547 0 28 0 2 28 "Przeciw" 1
"1548" 1548 0 29 0 1 29 "Przeciw" 1
"1549" 1549 0 30 0 0 30 "Przeciw" 1
"1550" 1550 0 30 0 0 30 "Przeciw" 1
"1551" 1551 0 30 0 0 30 "Przeciw" 1
"1552" 1552 0 30 0 0 30 "Przeciw" 1
"1553" 1553 0 29 0 1 29 "Przeciw" 1
"1554" 1554 30 0 0 0 30 "Za" 1
"1555" 1555 0 30 0 0 30 "Przeciw" 1
"1556" 1556 0 30 0 0 30 "Przeciw" 1
"1557" 1557 0 29 0 1 29 "Przeciw" 1
"1558" 1558 0 30 0 0 30 "Przeciw" 1
"1559" 1559 0 30 0 0 30 "Przeciw" 1
"1560" 1560 0 29 0 1 29 "Przeciw" 1
"1561" 1561 0 30 0 0 30 "Przeciw" 1
"1562" 1562 0 30 0 0 30 "Przeciw" 1
"1563" 1563 0 30 0 0 30 "Przeciw" 1
"1564" 1564 0 30 0 0 30 "Przeciw" 1
"1565" 1565 0 30 0 0 30 "Przeciw" 1
"1566" 1566 0 29 0 1 29 "Przeciw" 1
"1567" 1567 0 30 0 0 30 "Przeciw" 1
"1568" 1568 0 30 0 0 30 "Przeciw" 1
"1569" 1569 0 30 0 0 30 "Przeciw" 1
"1570" 1570 22 8 0 0 30 "Za" 0.73
"1571" 1571 0 30 0 0 30 "Przeciw" 1
"1572" 1572 28 1 0 1 29 "Za" 0.97
"1573" 1573 0 30 0 0 30 "Przeciw" 1
"1574" 1574 0 30 0 0 30 "Przeciw" 1
"1575" 1575 0 30 0 0 30 "Przeciw" 1
"1576" 1576 0 30 0 0 30 "Przeciw" 1
"1577" 1577 0 30 0 0 30 "Przeciw" 1
"1578" 1578 0 26 0 4 26 "Przeciw" 1
"1579" 1579 0 29 0 1 29 "Przeciw" 1
"1580" 1580 0 30 0 0 30 "Przeciw" 1
"1581" 1581 0 28 0 2 28 "Przeciw" 1
"1582" 1582 0 29 0 1 29 "Przeciw" 1
"1583" 1583 0 28 0 2 28 "Przeciw" 1
"1584" 1584 0 28 0 2 28 "Przeciw" 1
"1585" 1585 1 27 0 2 28 "Przeciw" 0.96
"1586" 1586 0 27 0 3 27 "Przeciw" 1
"1587" 1587 29 1 0 0 30 "Za" 0.97
"1588" 1588 1 0 1 28 2 "Za" 0.5
"1589" 1589 30 0 0 0 30 "Za" 1
"1590" 1590 29 0 0 1 29 "Za" 1
"1591" 1591 30 0 0 0 30 "Za" 1
"1592" 1592 30 0 0 0 30 "Za" 1
"1593" 1593 30 0 0 0 30 "Za" 1
"1594" 1594 29 0 1 0 30 "Za" 0.97
"1595" 1595 30 0 0 0 30 "Za" 1
"1596" 1596 30 0 0 0 30 "Za" 1
"1597" 1597 0 30 0 0 30 "Przeciw" 1
"1598" 1598 30 0 0 0 30 "Za" 1
"1599" 1599 0 30 0 0 30 "Przeciw" 1
"1600" 1600 30 0 0 0 30 "Za" 1
"1601" 1601 30 0 0 0 30 "Za" 1
"1602" 1602 24 6 0 0 30 "Za" 0.8
"1603" 1603 0 30 0 0 30 "Przeciw" 1
"1604" 1604 0 29 0 1 29 "Przeciw" 1
"1605" 1605 0 30 0 0 30 "Przeciw" 1
"1606" 1606 0 30 0 0 30 "Przeciw" 1
"1607" 1607 0 30 0 0 30 "Przeciw" 1
"1608" 1608 0 30 0 0 30 "Przeciw" 1
"1609" 1609 21 9 0 0 30 "Za" 0.7
"1610" 1610 0 30 0 0 30 "Przeciw" 1
"1611" 1611 0 30 0 0 30 "Przeciw" 1
"1612" 1612 1 29 0 0 30 "Przeciw" 0.97
"1613" 1613 30 0 0 0 30 "Za" 1
"1614" 1614 0 30 0 0 30 "Przeciw" 1
"1615" 1615 30 0 0 0 30 "Za" 1
"1616" 1616 25 0 2 3 27 "Za" 0.93
"1617" 1617 0 21 2 7 23 "Przeciw" 0.91
"1618" 1618 1 7 18 4 26 "Wstrzyma³ siê" 0.69
"1619" 1619 0 30 0 0 30 "Przeciw" 1
"1620" 1620 28 0 0 2 28 "Za" 1
"1621" 1621 30 0 0 0 30 "Za" 1
"1622" 1622 0 28 2 0 30 "Przeciw" 0.93
"1623" 1623 29 0 1 0 30 "Za" 0.97
"1624" 1624 23 6 1 0 30 "Za" 0.77
"1625" 1625 8 0 21 1 29 "Wstrzyma³ siê" 0.72
"1626" 1626 25 0 5 0 30 "Za" 0.83
"1627" 1627 29 0 0 1 29 "Za" 1
"1628" 1628 30 0 0 0 30 "Za" 1
"1629" 1629 29 0 0 1 29 "Za" 1
"1630" 1630 29 0 0 1 29 "Za" 1
"1631" 1631 30 0 0 0 30 "Za" 1
"1632" 1632 30 0 0 0 30 "Za" 1
"1633" 1633 29 0 0 1 29 "Za" 1
"1634" 1634 29 0 0 1 29 "Za" 1
"1635" 1635 26 0 0 4 26 "Za" 1
"1636" 1636 28 0 0 2 28 "Za" 1
"1637" 1637 30 0 0 0 30 "Za" 1
"1638" 1638 30 0 0 0 30 "Za" 1
"1639" 1639 30 0 0 0 30 "Za" 1
"1640" 1640 29 0 0 1 29 "Za" 1
"1641" 1641 29 0 0 1 29 "Za" 1
"1642" 1642 30 0 0 0 30 "Za" 1
"1643" 1643 28 0 0 2 28 "Za" 1
"1644" 1644 29 0 0 1 29 "Za" 1
"1645" 1645 30 0 0 0 30 "Za" 1
"1646" 1646 29 0 1 0 30 "Za" 0.97
"1647" 1647 30 0 0 0 30 "Za" 1
"1648" 1648 27 0 0 3 27 "Za" 1
"1649" 1649 29 0 0 1 29 "Za" 1
"1650" 1650 29 0 0 1 29 "Za" 1
"1651" 1651 30 0 0 0 30 "Za" 1
"1652" 1652 27 0 0 3 27 "Za" 1
"1653" 1653 30 0 0 0 30 "Za" 1
"1654" 1654 30 0 0 0 30 "Za" 1
"1655" 1655 28 0 0 2 28 "Za" 1
"1656" 1656 30 0 0 0 30 "Za" 1
"1657" 1657 28 0 0 2 28 "Za" 1
"1658" 1658 0 29 0 1 29 "Przeciw" 1
"1659" 1659 0 30 0 0 30 "Przeciw" 1
"1660" 1660 5 25 0 0 30 "Przeciw" 0.83
"1661" 1661 30 0 0 0 30 "Za" 1
"1662" 1662 26 0 0 4 26 "Za" 1
"1663" 1663 30 0 0 0 30 "Za" 1
"1664" 1664 30 0 0 0 30 "Za" 1
"1665" 1665 1 25 0 4 26 "Przeciw" 0.96
"1666" 1666 0 27 0 3 27 "Przeciw" 1
"1667" 1667 26 0 0 4 26 "Za" 1
"1668" 1668 30 0 0 0 30 "Za" 1
"1669" 1669 30 0 0 0 30 "Za" 1
"1670" 1670 1 29 0 0 30 "Przeciw" 0.97
"1671" 1671 29 1 0 0 30 "Za" 0.97
"1672" 1672 29 0 0 1 29 "Za" 1
"1673" 1673 29 0 0 1 29 "Za" 1
"1674" 1674 0 0 28 2 28 "Wstrzyma³ siê" 1
"1675" 1675 29 0 0 1 29 "Za" 1
"1676" 1676 0 1 29 0 30 "Wstrzyma³ siê" 0.97
"1677" 1677 0 30 0 0 30 "Przeciw" 1
"1678" 1678 29 0 0 1 29 "Za" 1
"1679" 1679 29 0 0 1 29 "Za" 1
"1680" 1680 30 0 0 0 30 "Za" 1
"1681" 1681 30 0 0 0 30 "Za" 1
"1682" 1682 30 0 0 0 30 "Za" 1
"1683" 1683 30 0 0 0 30 "Za" 1
"1684" 1684 30 0 0 0 30 "Za" 1
"1685" 1685 28 0 0 2 28 "Za" 1
"1686" 1686 27 0 0 3 27 "Za" 1
"1687" 1687 0 30 0 0 30 "Przeciw" 1
"1688" 1688 28 0 0 2 28 "Za" 1
"1689" 1689 27 0 0 3 27 "Za" 1
"1690" 1690 30 0 0 0 30 "Za" 1
"1691" 1691 28 0 0 2 28 "Za" 1
"1692" 1692 0 30 0 0 30 "Przeciw" 1
"1693" 1693 27 0 0 3 27 "Za" 1
"1694" 1694 7 0 21 2 28 "Wstrzyma³ siê" 0.75
"1695" 1695 30 0 0 0 30 "Za" 1
"1696" 1696 30 0 0 0 30 "Za" 1
"1697" 1697 30 0 0 0 30 "Za" 1
"1698" 1698 28 0 0 2 28 "Za" 1
"1699" 1699 30 0 0 0 30 "Za" 1
"1700" 1700 27 3 0 0 30 "Za" 0.9
"1701" 1701 0 30 0 0 30 "Przeciw" 1
"1702" 1702 0 27 3 0 30 "Przeciw" 0.9
"1703" 1703 0 29 1 0 30 "Przeciw" 0.97
"1704" 1704 0 27 0 3 27 "Przeciw" 1
"1705" 1705 0 30 0 0 30 "Przeciw" 1
"1706" 1706 0 30 0 0 30 "Przeciw" 1
"1707" 1707 0 30 0 0 30 "Przeciw" 1
"1708" 1708 5 0 25 0 30 "Wstrzyma³ siê" 0.83
"1709" 1709 30 0 0 0 30 "Za" 1
"1710" 1710 30 0 0 0 30 "Za" 1
"1711" 1711 30 0 0 0 30 "Za" 1
"1712" 1712 28 0 0 2 28 "Za" 1
"1713" 1713 30 0 0 0 30 "Za" 1
"1714" 1714 30 0 0 0 30 "Za" 1
"1715" 1715 29 1 0 0 30 "Za" 0.97
"1716" 1716 0 30 0 0 30 "Przeciw" 1
"1717" 1717 0 30 0 0 30 "Przeciw" 1
"1718" 1718 29 0 0 1 29 "Za" 1
"1719" 1719 27 0 0 3 27 "Za" 1
"1720" 1720 26 0 0 4 26 "Za" 1
"1721" 1721 0 26 0 4 26 "Przeciw" 1
"1722" 1722 26 0 0 4 26 "Za" 1
"1723" 1723 23 2 0 5 25 "Za" 0.92
"1724" 1724 0 28 0 2 28 "Przeciw" 1
"1725" 1725 0 28 0 2 28 "Przeciw" 1
"1726" 1726 0 27 1 2 28 "Przeciw" 0.96
"1727" 1727 0 28 0 2 28 "Przeciw" 1
"1728" 1728 28 0 0 2 28 "Za" 1
"1729" 1729 28 0 0 2 28 "Za" 1
"1730" 1730 0 28 0 2 28 "Przeciw" 1
"1731" 1731 27 0 0 3 27 "Za" 1
"1732" 1732 29 0 0 1 29 "Za" 1
"1733" 1733 0 1 28 1 29 "Wstrzyma³ siê" 0.97
"1734" 1734 21 7 0 2 28 "Za" 0.75
"1735" 1735 0 29 0 1 29 "Przeciw" 1
"1736" 1736 0 27 0 3 27 "Przeciw" 1
"1737" 1737 0 29 0 1 29 "Przeciw" 1
"1738" 1738 0 29 0 1 29 "Przeciw" 1
"1739" 1739 0 28 0 2 28 "Przeciw" 1
"1740" 1740 28 1 0 1 29 "Za" 0.97
"1741" 1741 0 29 0 1 29 "Przeciw" 1
"1742" 1742 0 29 0 1 29 "Przeciw" 1
"1743" 1743 0 29 0 1 29 "Przeciw" 1
"1744" 1744 0 28 0 2 28 "Przeciw" 1
"1745" 1745 0 30 0 0 30 "Przeciw" 1
"1746" 1746 1 28 0 1 29 "Przeciw" 0.97
"1747" 1747 30 0 0 0 30 "Za" 1
"1748" 1748 27 2 1 0 30 "Za" 0.9
"1749" 1749 1 29 0 0 30 "Przeciw" 0.97
"1750" 1750 0 27 0 3 27 "Przeciw" 1
"1751" 1751 0 1 29 0 30 "Wstrzyma³ siê" 0.97
"1752" 1752 0 30 0 0 30 "Przeciw" 1
"1753" 1753 0 29 0 1 29 "Przeciw" 1
"1754" 1754 0 27 0 3 27 "Przeciw" 1
"1755" 1755 0 29 0 1 29 "Przeciw" 1
"1756" 1756 0 29 0 1 29 "Przeciw" 1
"1757" 1757 0 30 0 0 30 "Przeciw" 1
"1758" 1758 1 1 26 2 28 "Wstrzyma³ siê" 0.93
"1759" 1759 0 30 0 0 30 "Przeciw" 1
"1760" 1760 0 29 0 1 29 "Przeciw" 1
"1761" 1761 28 2 0 0 30 "Za" 0.93
"1762" 1762 30 0 0 0 30 "Za" 1
"1763" 1763 29 0 0 1 29 "Za" 1
"1764" 1764 30 0 0 0 30 "Za" 1
"1765" 1765 30 0 0 0 30 "Za" 1
"1766" 1766 28 1 0 1 29 "Za" 0.97
"1767" 1767 27 0 0 3 27 "Za" 1
"1768" 1768 24 0 0 6 24 "Za" 1
"1769" 1769 6 0 22 2 28 "Wstrzyma³ siê" 0.79
"1770" 1770 0 29 0 1 29 "Przeciw" 1
"1771" 1771 1 0 22 7 23 "Wstrzyma³ siê" 0.96
"1772" 1772 24 0 0 6 24 "Za" 1
"1773" 1773 22 0 0 8 22 "Za" 1
"1774" 1774 0 25 0 5 25 "Przeciw" 1
"1775" 1775 23 0 7 0 30 "Za" 0.77
"1776" 1776 9 19 2 0 30 "Przeciw" 0.63
"1777" 1777 25 0 2 3 27 "Za" 0.93
"1778" 1778 25 4 1 0 30 "Za" 0.83
"1779" 1779 2 26 1 1 29 "Przeciw" 0.9
"1780" 1780 28 0 0 2 28 "Za" 1
"1781" 1781 29 0 0 1 29 "Za" 1
"1782" 1782 27 0 0 3 27 "Za" 1
"1783" 1783 29 0 0 1 29 "Za" 1
"1784" 1784 27 0 0 3 27 "Za" 1
"1785" 1785 0 27 3 0 30 "Przeciw" 0.9
"1786" 1786 30 0 0 0 30 "Za" 1
"1787" 1787 30 0 0 0 30 "Za" 1
"1788" 1788 30 0 0 0 30 "Za" 1
"1789" 1789 30 0 0 0 30 "Za" 1
"1790" 1790 29 0 0 1 29 "Za" 1
"1791" 1791 30 0 0 0 30 "Za" 1
"1792" 1792 29 0 0 1 29 "Za" 1
"1793" 1793 30 0 0 0 30 "Za" 1
"1794" 1794 27 0 1 2 28 "Za" 0.96
"1795" 1795 0 28 0 2 28 "Przeciw" 1
"1796" 1796 1 27 0 2 28 "Przeciw" 0.96
"1797" 1797 27 0 0 3 27 "Za" 1
"1798" 1798 0 29 0 1 29 "Przeciw" 1
"1799" 1799 29 0 0 1 29 "Za" 1
"1800" 1800 29 0 0 1 29 "Za" 1
"1801" 1801 0 0 29 1 29 "Wstrzyma³ siê" 1
"1802" 1802 0 29 0 1 29 "Przeciw" 1
"1803" 1803 24 1 3 2 28 "Za" 0.86
"1804" 1804 30 0 0 0 30 "Za" 1
"1805" 1805 30 0 0 0 30 "Za" 1
"1806" 1806 0 0 30 0 30 "Wstrzyma³ siê" 1
"1807" 1807 0 10 20 0 30 "Wstrzyma³ siê" 0.67
"1808" 1808 30 0 0 0 30 "Za" 1
"1809" 1809 29 0 0 1 29 "Za" 1
"1810" 1810 30 0 0 0 30 "Za" 1
"1811" 1811 30 0 0 0 30 "Za" 1
"1812" 1812 30 0 0 0 30 "Za" 1
"1813" 1813 0 29 0 1 29 "Przeciw" 1
"1814" 1814 0 0 30 0 30 "Wstrzyma³ siê" 1
"1815" 1815 0 1 29 0 30 "Wstrzyma³ siê" 0.97
"1816" 1816 0 0 30 0 30 "Wstrzyma³ siê" 1
"1817" 1817 0 0 30 0 30 "Wstrzyma³ siê" 1
"1818" 1818 30 0 0 0 30 "Za" 1
"1819" 1819 0 0 30 0 30 "Wstrzyma³ siê" 1
"1820" 1820 30 0 0 0 30 "Za" 1
"1821" 1821 1 0 26 3 27 "Wstrzyma³ siê" 0.96
"1822" 1822 28 0 0 2 28 "Za" 1
"1823" 1823 30 0 0 0 30 "Za" 1
"1824" 1824 29 0 1 0 30 "Za" 0.97
"1825" 1825 0 0 30 0 30 "Wstrzyma³ siê" 1
"1826" 1826 2 0 28 0 30 "Wstrzyma³ siê" 0.93
"1827" 1827 30 0 0 0 30 "Za" 1
"1828" 1828 30 0 0 0 30 "Za" 1
"1829" 1829 0 0 30 0 30 "Wstrzyma³ siê" 1
"1830" 1830 0 0 30 0 30 "Wstrzyma³ siê" 1
"1831" 1831 0 0 30 0 30 "Wstrzyma³ siê" 1
"1832" 1832 29 1 0 0 30 "Za" 0.97
"1833" 1833 23 6 1 0 30 "Za" 0.77
"1834" 1834 0 27 1 2 28 "Przeciw" 0.96
"1835" 1835 28 0 0 2 28 "Za" 1
"1836" 1836 27 0 0 3 27 "Za" 1
"1837" 1837 27 0 0 3 27 "Za" 1
"1838" 1838 23 5 0 2 28 "Za" 0.82
"1839" 1839 0 28 0 2 28 "Przeciw" 1
"1840" 1840 1 26 1 2 28 "Przeciw" 0.93
"1841" 1841 0 28 0 2 28 "Przeciw" 1
"1842" 1842 0 27 0 3 27 "Przeciw" 1
"1843" 1843 0 28 0 2 28 "Przeciw" 1
"1844" 1844 0 28 0 2 28 "Przeciw" 1
"1845" 1845 0 27 0 3 27 "Przeciw" 1
"1846" 1846 0 28 0 2 28 "Przeciw" 1
"1847" 1847 28 0 0 2 28 "Za" 1
"1848" 1848 0 28 0 2 28 "Przeciw" 1
"1849" 1849 0 28 0 2 28 "Przeciw" 1
"1850" 1850 0 28 0 2 28 "Przeciw" 1
"1851" 1851 0 28 0 2 28 "Przeciw" 1
"1852" 1852 0 28 0 2 28 "Przeciw" 1
"1853" 1853 0 27 1 2 28 "Przeciw" 0.96
"1854" 1854 28 0 0 2 28 "Za" 1
"1855" 1855 28 0 0 2 28 "Za" 1
"1856" 1856 28 0 0 2 28 "Za" 1
"1857" 1857 26 0 0 4 26 "Za" 1
"1858" 1858 28 0 0 2 28 "Za" 1
"1859" 1859 28 0 0 2 28 "Za" 1
"1860" 1860 28 0 0 2 28 "Za" 1
"1861" 1861 27 0 0 3 27 "Za" 1
"1862" 1862 25 0 0 5 25 "Za" 1
"1863" 1863 27 0 0 3 27 "Za" 1
"1864" 1864 26 0 0 4 26 "Za" 1
"1865" 1865 27 0 0 3 27 "Za" 1
"1866" 1866 27 0 0 3 27 "Za" 1
"1867" 1867 26 0 0 4 26 "Za" 1
"1868" 1868 27 0 0 3 27 "Za" 1
"1869" 1869 27 0 0 3 27 "Za" 1
"1870" 1870 27 0 0 3 27 "Za" 1
"1871" 1871 27 0 0 3 27 "Za" 1
"1872" 1872 27 0 0 3 27 "Za" 1
"1873" 1873 25 0 0 5 25 "Za" 1
"1874" 1874 28 0 0 2 28 "Za" 1
"1875" 1875 24 0 0 6 24 "Za" 1
"1876" 1876 23 1 0 6 24 "Za" 0.96
"1877" 1877 23 0 0 7 23 "Za" 1
"1878" 1878 27 0 0 3 27 "Za" 1
"1879" 1879 1 27 0 2 28 "Przeciw" 0.96
"1880" 1880 28 0 0 2 28 "Za" 1
"1881" 1881 28 0 0 2 28 "Za" 1
"1882" 1882 0 0 28 2 28 "Wstrzyma³ siê" 1
"1883" 1883 27 0 0 3 27 "Za" 1
"1884" 1884 0 0 28 2 28 "Wstrzyma³ siê" 1
"1885" 1885 27 0 0 3 27 "Za" 1
"1886" 1886 28 0 0 2 28 "Za" 1
"1887" 1887 0 28 0 2 28 "Przeciw" 1
"1888" 1888 1 3 24 2 28 "Wstrzyma³ siê" 0.86
"1889" 1889 28 0 0 2 28 "Za" 1
"1890" 1890 26 0 1 3 27 "Za" 0.96
"1891" 1891 26 0 0 4 26 "Za" 1
"1892" 1892 2 1 27 0 30 "Wstrzyma³ siê" 0.9
"1893" 1893 28 0 2 0 30 "Za" 0.93
"1894" 1894 2 23 0 5 25 "Przeciw" 0.92
"1895" 1895 4 6 18 2 28 "Wstrzyma³ siê" 0.64
"1896" 1896 29 0 0 1 29 "Za" 1
"1897" 1897 30 0 0 0 30 "Za" 1
"1898" 1898 30 0 0 0 30 "Za" 1
"1899" 1899 28 0 0 2 28 "Za" 1
"1900" 1900 29 0 0 1 29 "Za" 1
"1901" 1901 30 0 0 0 30 "Za" 1
"1902" 1902 27 0 0 3 27 "Za" 1
"1903" 1903 29 0 0 1 29 "Za" 1
"1904" 1904 29 0 0 1 29 "Za" 1
"1905" 1905 29 0 0 1 29 "Za" 1
"1906" 1906 26 2 0 2 28 "Za" 0.93
"1907" 1907 28 1 0 1 29 "Za" 0.97
"1908" 1908 25 0 0 5 25 "Za" 1
"1909" 1909 0 23 0 7 23 "Przeciw" 1
"1910" 1910 0 27 0 3 27 "Przeciw" 1
"1911" 1911 20 0 0 10 20 "Za" 1
"1912" 1912 0 19 0 11 19 "Przeciw" 1
