"nr_glosowania" "za" "przeciw" "wstrzymal" "nieobecny" "obecny" "tendencja" "proc_zgodnosci"
"1" 1 0 0 0 16 0 "Za" 0
"2" 2 12 0 0 4 12 "Za" 1
"3" 3 12 0 0 4 12 "Za" 1
"4" 4 12 0 0 4 12 "Za" 1
"5" 5 11 0 1 4 12 "Za" 0.92
"6" 6 12 0 0 4 12 "Za" 1
"7" 7 0 12 0 4 12 "Przeciw" 1
"8" 8 12 0 0 4 12 "Za" 1
"9" 9 10 0 2 4 12 "Za" 0.83
"10" 10 1 10 1 4 12 "Przeciw" 0.83
"11" 11 0 10 2 4 12 "Przeciw" 0.83
"12" 12 0 11 0 5 11 "Przeciw" 1
"13" 13 12 0 0 4 12 "Za" 1
"14" 14 12 0 0 4 12 "Za" 1
"15" 15 0 12 0 4 12 "Przeciw" 1
"16" 16 0 12 0 4 12 "Przeciw" 1
"17" 17 0 12 0 4 12 "Przeciw" 1
"18" 18 0 12 0 4 12 "Przeciw" 1
"19" 19 0 12 0 4 12 "Przeciw" 1
"20" 20 0 12 0 4 12 "Przeciw" 1
"21" 21 0 12 0 4 12 "Przeciw" 1
"22" 22 0 12 0 4 12 "Przeciw" 1
"23" 23 0 12 0 4 12 "Przeciw" 1
"24" 24 0 12 0 4 12 "Przeciw" 1
"25" 25 0 12 0 4 12 "Przeciw" 1
"26" 26 0 12 0 4 12 "Przeciw" 1
"27" 27 0 12 0 4 12 "Przeciw" 1
"28" 28 0 12 0 4 12 "Przeciw" 1
"29" 29 0 12 0 4 12 "Przeciw" 1
"30" 30 0 12 0 4 12 "Przeciw" 1
"31" 31 0 10 0 6 10 "Przeciw" 1
"32" 32 0 15 0 1 15 "Przeciw" 1
"33" 33 0 14 0 2 14 "Przeciw" 1
"34" 34 0 15 0 1 15 "Przeciw" 1
"35" 35 15 0 0 1 15 "Za" 1
"36" 36 15 0 0 1 15 "Za" 1
"37" 37 2 13 0 1 15 "Przeciw" 0.87
"38" 38 15 0 0 1 15 "Za" 1
"39" 39 15 0 0 1 15 "Za" 1
"40" 40 14 0 1 1 15 "Za" 0.93
"41" 41 15 0 0 1 15 "Za" 1
"42" 42 15 0 0 1 15 "Za" 1
"43" 43 15 0 0 1 15 "Za" 1
"44" 44 15 0 0 1 15 "Za" 1
"45" 45 15 0 0 1 15 "Za" 1
"46" 46 0 15 0 1 15 "Przeciw" 1
"47" 47 14 1 0 1 15 "Za" 0.93
"48" 48 14 1 0 1 15 "Za" 0.93
"49" 49 15 0 0 1 15 "Za" 1
"50" 50 15 0 0 1 15 "Za" 1
"51" 51 15 0 0 1 15 "Za" 1
"52" 52 15 0 0 1 15 "Za" 1
"53" 53 14 0 1 1 15 "Za" 0.93
"54" 54 15 0 0 1 15 "Za" 1
"55" 55 15 0 0 1 15 "Za" 1
"56" 56 15 0 0 1 15 "Za" 1
"57" 57 0 15 0 1 15 "Przeciw" 1
"58" 58 0 0 15 1 15 "Wstrzyma³ siê" 1
"59" 59 13 0 0 3 13 "Za" 1
"60" 60 15 0 0 1 15 "Za" 1
"61" 61 14 0 1 1 15 "Za" 0.93
"62" 62 0 15 0 1 15 "Przeciw" 1
"63" 63 0 0 15 1 15 "Wstrzyma³ siê" 1
"64" 64 15 0 0 1 15 "Za" 1
"65" 65 15 0 0 1 15 "Za" 1
"66" 66 0 15 0 1 15 "Przeciw" 1
"67" 67 0 15 0 1 15 "Przeciw" 1
"68" 68 15 0 0 1 15 "Za" 1
"69" 69 15 0 0 1 15 "Za" 1
"70" 70 15 0 1 0 16 "Za" 0.94
"71" 71 16 0 0 0 16 "Za" 1
"72" 72 0 1 15 0 16 "Wstrzyma³ siê" 0.94
"73" 73 16 0 0 0 16 "Za" 1
"74" 74 15 0 1 0 16 "Za" 0.94
"75" 75 0 3 13 0 16 "Wstrzyma³ siê" 0.81
"76" 76 0 7 8 1 15 "Wstrzyma³ siê" 0.53
"77" 77 16 0 0 0 16 "Za" 1
"78" 78 0 14 0 2 14 "Przeciw" 1
"79" 79 0 13 0 3 13 "Przeciw" 1
"80" 80 0 13 0 3 13 "Przeciw" 1
"81" 81 0 13 0 3 13 "Przeciw" 1
"82" 82 0 13 0 3 13 "Przeciw" 1
"83" 83 0 13 0 3 13 "Przeciw" 1
"84" 84 0 13 0 3 13 "Przeciw" 1
"85" 85 12 0 0 4 12 "Za" 1
"86" 86 0 13 0 3 13 "Przeciw" 1
"87" 87 0 13 0 3 13 "Przeciw" 1
"88" 88 0 13 0 3 13 "Przeciw" 1
"89" 89 0 13 0 3 13 "Przeciw" 1
"90" 90 0 13 0 3 13 "Przeciw" 1
"91" 91 0 13 0 3 13 "Przeciw" 1
"92" 92 13 0 0 3 13 "Za" 1
"93" 93 13 0 0 3 13 "Za" 1
"94" 94 0 13 0 3 13 "Przeciw" 1
"95" 95 13 0 0 3 13 "Za" 1
"96" 96 0 13 0 3 13 "Przeciw" 1
"97" 97 13 0 0 3 13 "Za" 1
"98" 98 0 13 0 3 13 "Przeciw" 1
"99" 99 0 13 0 3 13 "Przeciw" 1
"100" 100 0 13 0 3 13 "Przeciw" 1
"101" 101 0 13 0 3 13 "Przeciw" 1
"102" 102 13 0 0 3 13 "Za" 1
"103" 103 13 0 0 3 13 "Za" 1
"104" 104 10 2 1 3 13 "Za" 0.77
"105" 105 1 12 0 3 13 "Przeciw" 0.92
"106" 106 13 0 0 3 13 "Za" 1
"107" 107 12 1 2 1 15 "Za" 0.8
"108" 108 0 15 0 1 15 "Przeciw" 1
"109" 109 0 15 0 1 15 "Przeciw" 1
"110" 110 0 15 0 1 15 "Przeciw" 1
"111" 111 0 15 0 1 15 "Przeciw" 1
"112" 112 0 15 0 1 15 "Przeciw" 1
"113" 113 0 11 0 5 11 "Przeciw" 1
"114" 114 0 15 0 1 15 "Przeciw" 1
"115" 115 0 13 1 2 14 "Przeciw" 0.93
"116" 116 15 0 0 1 15 "Za" 1
"117" 117 0 15 0 1 15 "Przeciw" 1
"118" 118 15 0 0 1 15 "Za" 1
"119" 119 14 0 0 2 14 "Za" 1
"120" 120 0 16 0 0 16 "Przeciw" 1
"121" 121 16 0 0 0 16 "Za" 1
"122" 122 16 0 0 0 16 "Za" 1
"123" 123 16 0 0 0 16 "Za" 1
"124" 124 16 0 0 0 16 "Za" 1
"125" 125 16 0 0 0 16 "Za" 1
"126" 126 16 0 0 0 16 "Za" 1
"127" 127 16 0 0 0 16 "Za" 1
"128" 128 15 0 1 0 16 "Za" 0.94
"129" 129 1 14 1 0 16 "Przeciw" 0.88
"130" 130 0 16 0 0 16 "Przeciw" 1
"131" 131 15 0 0 1 15 "Za" 1
"132" 132 15 0 0 1 15 "Za" 1
"133" 133 0 15 0 1 15 "Przeciw" 1
"134" 134 0 15 0 1 15 "Przeciw" 1
"135" 135 0 15 0 1 15 "Przeciw" 1
"136" 136 0 15 0 1 15 "Przeciw" 1
"137" 137 1 14 0 1 15 "Przeciw" 0.93
"138" 138 14 0 0 2 14 "Za" 1
"139" 139 14 0 0 2 14 "Za" 1
"140" 140 14 0 0 2 14 "Za" 1
"141" 141 14 0 0 2 14 "Za" 1
"142" 142 0 0 14 2 14 "Wstrzyma³ siê" 1
"143" 143 0 13 0 3 13 "Przeciw" 1
"144" 144 14 0 0 2 14 "Za" 1
"145" 145 15 0 0 1 15 "Za" 1
"146" 146 0 0 15 1 15 "Wstrzyma³ siê" 1
"147" 147 1 0 14 1 15 "Wstrzyma³ siê" 0.93
"148" 148 15 0 0 1 15 "Za" 1
"149" 149 0 1 14 1 15 "Wstrzyma³ siê" 0.93
"150" 150 15 0 0 1 15 "Za" 1
"151" 151 15 0 0 1 15 "Za" 1
"152" 152 15 0 0 1 15 "Za" 1
"153" 153 15 0 0 1 15 "Za" 1
"154" 154 15 0 0 1 15 "Za" 1
"155" 155 16 0 0 0 16 "Za" 1
"156" 156 16 0 0 0 16 "Za" 1
"157" 157 16 0 0 0 16 "Za" 1
"158" 158 15 0 0 1 15 "Za" 1
"159" 159 0 15 1 0 16 "Przeciw" 0.94
"160" 160 16 0 0 0 16 "Za" 1
"161" 161 0 16 0 0 16 "Przeciw" 1
"162" 162 16 0 0 0 16 "Za" 1
"163" 163 0 1 15 0 16 "Wstrzyma³ siê" 0.94
"164" 164 1 15 0 0 16 "Przeciw" 0.94
"165" 165 0 16 0 0 16 "Przeciw" 1
"166" 166 16 0 0 0 16 "Za" 1
"167" 167 15 0 1 0 16 "Za" 0.94
"168" 168 0 15 0 1 15 "Przeciw" 1
"169" 169 0 16 0 0 16 "Przeciw" 1
"170" 170 0 16 0 0 16 "Przeciw" 1
"171" 171 1 13 2 0 16 "Przeciw" 0.81
"172" 172 11 0 0 5 11 "Za" 1
"173" 173 13 0 0 3 13 "Za" 1
"174" 174 12 0 0 4 12 "Za" 1
"175" 175 12 0 0 4 12 "Za" 1
"176" 176 13 0 0 3 13 "Za" 1
"177" 177 0 14 0 2 14 "Przeciw" 1
"178" 178 13 0 0 3 13 "Za" 1
"179" 179 14 0 0 2 14 "Za" 1
"180" 180 14 0 0 2 14 "Za" 1
"181" 181 0 15 0 1 15 "Przeciw" 1
"182" 182 3 12 0 1 15 "Przeciw" 0.8
"183" 183 14 0 0 2 14 "Za" 1
"184" 184 0 15 0 1 15 "Przeciw" 1
"185" 185 15 0 0 1 15 "Za" 1
"186" 186 15 0 0 1 15 "Za" 1
"187" 187 15 0 0 1 15 "Za" 1
"188" 188 15 0 0 1 15 "Za" 1
"189" 189 15 0 0 1 15 "Za" 1
"190" 190 15 0 0 1 15 "Za" 1
"191" 191 1 14 0 1 15 "Przeciw" 0.93
"192" 192 15 0 0 1 15 "Za" 1
"193" 193 15 0 0 1 15 "Za" 1
"194" 194 15 0 0 1 15 "Za" 1
"195" 195 15 0 0 1 15 "Za" 1
"196" 196 14 0 0 2 14 "Za" 1
"197" 197 15 0 0 1 15 "Za" 1
"198" 198 15 0 0 1 15 "Za" 1
"199" 199 15 0 0 1 15 "Za" 1
"200" 200 15 0 0 1 15 "Za" 1
"201" 201 14 0 0 2 14 "Za" 1
"202" 202 14 0 0 2 14 "Za" 1
"203" 203 15 0 0 1 15 "Za" 1
"204" 204 15 0 0 1 15 "Za" 1
"205" 205 15 0 0 1 15 "Za" 1
"206" 206 15 0 0 1 15 "Za" 1
"207" 207 15 0 0 1 15 "Za" 1
"208" 208 15 0 0 1 15 "Za" 1
"209" 209 15 0 0 1 15 "Za" 1
"210" 210 15 0 0 1 15 "Za" 1
"211" 211 15 0 0 1 15 "Za" 1
"212" 212 15 0 0 1 15 "Za" 1
"213" 213 15 0 0 1 15 "Za" 1
"214" 214 15 0 0 1 15 "Za" 1
"215" 215 15 0 0 1 15 "Za" 1
"216" 216 15 0 0 1 15 "Za" 1
"217" 217 15 0 0 1 15 "Za" 1
"218" 218 15 0 0 1 15 "Za" 1
"219" 219 0 15 0 1 15 "Przeciw" 1
"220" 220 0 15 0 1 15 "Przeciw" 1
"221" 221 15 0 0 1 15 "Za" 1
"222" 222 0 15 0 1 15 "Przeciw" 1
"223" 223 15 0 0 1 15 "Za" 1
"224" 224 5 0 10 1 15 "Wstrzyma³ siê" 0.67
"225" 225 1 0 14 1 15 "Wstrzyma³ siê" 0.93
"226" 226 0 15 0 1 15 "Przeciw" 1
"227" 227 0 15 0 1 15 "Przeciw" 1
"228" 228 0 1 14 1 15 "Wstrzyma³ siê" 0.93
"229" 229 6 0 9 1 15 "Wstrzyma³ siê" 0.6
"230" 230 12 1 2 1 15 "Za" 0.8
"231" 231 14 1 0 1 15 "Za" 0.93
"232" 232 15 0 0 1 15 "Za" 1
"233" 233 0 11 0 5 11 "Przeciw" 1
"234" 234 16 0 0 0 16 "Za" 1
"235" 235 15 0 0 1 15 "Za" 1
"236" 236 15 0 0 1 15 "Za" 1
"237" 237 0 16 0 0 16 "Przeciw" 1
"238" 238 0 16 0 0 16 "Przeciw" 1
"239" 239 16 0 0 0 16 "Za" 1
"240" 240 15 0 0 1 15 "Za" 1
"241" 241 16 0 0 0 16 "Za" 1
"242" 242 1 0 15 0 16 "Wstrzyma³ siê" 0.94
"243" 243 0 15 0 1 15 "Przeciw" 1
"244" 244 13 0 0 3 13 "Za" 1
"245" 245 1 10 1 4 12 "Przeciw" 0.83
"246" 246 0 12 0 4 12 "Przeciw" 1
"247" 247 7 5 0 4 12 "Za" 0.58
"248" 248 12 0 0 4 12 "Za" 1
"249" 249 2 11 0 3 13 "Przeciw" 0.85
"250" 250 0 9 4 3 13 "Przeciw" 0.69
"251" 251 13 0 0 3 13 "Za" 1
"252" 252 13 0 0 3 13 "Za" 1
"253" 253 13 0 0 3 13 "Za" 1
"254" 254 13 0 0 3 13 "Za" 1
"255" 255 13 0 0 3 13 "Za" 1
"256" 256 13 0 0 3 13 "Za" 1
"257" 257 13 0 0 3 13 "Za" 1
"258" 258 13 0 0 3 13 "Za" 1
"259" 259 14 0 0 2 14 "Za" 1
"260" 260 0 14 0 2 14 "Przeciw" 1
"261" 261 13 0 0 3 13 "Za" 1
"262" 262 0 13 0 3 13 "Przeciw" 1
"263" 263 14 0 0 2 14 "Za" 1
"264" 264 14 0 0 2 14 "Za" 1
"265" 265 14 0 0 2 14 "Za" 1
"266" 266 14 0 0 2 14 "Za" 1
"267" 267 14 0 0 2 14 "Za" 1
"268" 268 14 0 0 2 14 "Za" 1
"269" 269 14 0 0 2 14 "Za" 1
"270" 270 14 0 0 2 14 "Za" 1
"271" 271 14 0 0 2 14 "Za" 1
"272" 272 14 0 0 2 14 "Za" 1
"273" 273 0 14 0 2 14 "Przeciw" 1
"274" 274 14 0 0 2 14 "Za" 1
"275" 275 0 14 0 2 14 "Przeciw" 1
"276" 276 13 0 0 3 13 "Za" 1
"277" 277 8 0 0 8 8 "Za" 1
"278" 278 0 14 0 2 14 "Przeciw" 1
"279" 279 15 0 0 1 15 "Za" 1
"280" 280 0 0 15 1 15 "Wstrzyma³ siê" 1
"281" 281 0 15 0 1 15 "Przeciw" 1
"282" 282 15 0 0 1 15 "Za" 1
"283" 283 4 10 1 1 15 "Przeciw" 0.67
"284" 284 15 0 0 1 15 "Za" 1
"285" 285 15 0 0 1 15 "Za" 1
"286" 286 0 14 1 1 15 "Przeciw" 0.93
"287" 287 15 0 0 1 15 "Za" 1
"288" 288 14 0 0 2 14 "Za" 1
"289" 289 14 0 1 1 15 "Za" 0.93
"290" 290 0 15 0 1 15 "Przeciw" 1
"291" 291 3 12 0 1 15 "Przeciw" 0.8
"292" 292 15 0 0 1 15 "Za" 1
"293" 293 0 14 1 1 15 "Przeciw" 0.93
"294" 294 0 0 15 1 15 "Wstrzyma³ siê" 1
"295" 295 15 0 0 1 15 "Za" 1
"296" 296 0 15 0 1 15 "Przeciw" 1
"297" 297 0 15 0 1 15 "Przeciw" 1
"298" 298 0 15 0 1 15 "Przeciw" 1
"299" 299 15 0 0 1 15 "Za" 1
"300" 300 15 0 0 1 15 "Za" 1
"301" 301 3 0 12 1 15 "Wstrzyma³ siê" 0.8
"302" 302 15 0 0 1 15 "Za" 1
"303" 303 0 15 0 1 15 "Przeciw" 1
"304" 304 15 0 0 1 15 "Za" 1
"305" 305 0 0 15 1 15 "Wstrzyma³ siê" 1
"306" 306 0 15 0 1 15 "Przeciw" 1
"307" 307 0 1 14 1 15 "Wstrzyma³ siê" 0.93
"308" 308 15 0 0 1 15 "Za" 1
"309" 309 14 1 0 1 15 "Za" 0.93
"310" 310 15 0 0 1 15 "Za" 1
"311" 311 14 0 0 2 14 "Za" 1
"312" 312 3 0 12 1 15 "Wstrzyma³ siê" 0.8
"313" 313 0 15 0 1 15 "Przeciw" 1
"314" 314 15 0 0 1 15 "Za" 1
"315" 315 0 12 0 4 12 "Przeciw" 1
"316" 316 0 12 0 4 12 "Przeciw" 1
"317" 317 0 12 0 4 12 "Przeciw" 1
"318" 318 0 12 0 4 12 "Przeciw" 1
"319" 319 0 12 0 4 12 "Przeciw" 1
"320" 320 0 16 0 0 16 "Przeciw" 1
"321" 321 16 0 0 0 16 "Za" 1
"322" 322 16 0 0 0 16 "Za" 1
"323" 323 16 0 0 0 16 "Za" 1
"324" 324 15 0 0 1 15 "Za" 1
"325" 325 16 0 0 0 16 "Za" 1
"326" 326 16 0 0 0 16 "Za" 1
"327" 327 0 16 0 0 16 "Przeciw" 1
"328" 328 0 16 0 0 16 "Przeciw" 1
"329" 329 0 16 0 0 16 "Przeciw" 1
"330" 330 16 0 0 0 16 "Za" 1
"331" 331 0 16 0 0 16 "Przeciw" 1
"332" 332 0 16 0 0 16 "Przeciw" 1
"333" 333 2 14 0 0 16 "Przeciw" 0.88
"334" 334 16 0 0 0 16 "Za" 1
"335" 335 16 0 0 0 16 "Za" 1
"336" 336 16 0 0 0 16 "Za" 1
"337" 337 16 0 0 0 16 "Za" 1
"338" 338 16 0 0 0 16 "Za" 1
"339" 339 16 0 0 0 16 "Za" 1
"340" 340 16 0 0 0 16 "Za" 1
"341" 341 16 0 0 0 16 "Za" 1
"342" 342 16 0 0 0 16 "Za" 1
"343" 343 16 0 0 0 16 "Za" 1
"344" 344 0 16 0 0 16 "Przeciw" 1
"345" 345 0 12 0 4 12 "Przeciw" 1
"346" 346 12 0 0 4 12 "Za" 1
"347" 347 0 12 0 4 12 "Przeciw" 1
"348" 348 0 12 2 2 14 "Przeciw" 0.86
"349" 349 0 12 2 2 14 "Przeciw" 0.86
"350" 350 14 0 0 2 14 "Za" 1
"351" 351 14 0 0 2 14 "Za" 1
"352" 352 0 11 4 1 15 "Przeciw" 0.73
"353" 353 15 0 0 1 15 "Za" 1
"354" 354 2 0 13 1 15 "Wstrzyma³ siê" 0.87
"355" 355 0 15 0 1 15 "Przeciw" 1
"356" 356 4 3 6 3 13 "Wstrzyma³ siê" 0.46
"357" 357 8 3 4 1 15 "Za" 0.53
"358" 358 9 1 2 4 12 "Za" 0.75
"359" 359 14 0 0 2 14 "Za" 1
"360" 360 15 0 0 1 15 "Za" 1
"361" 361 14 0 1 1 15 "Za" 0.93
"362" 362 13 0 0 3 13 "Za" 1
"363" 363 4 10 1 1 15 "Przeciw" 0.67
"364" 364 13 0 1 2 14 "Za" 0.93
"365" 365 12 0 2 2 14 "Za" 0.86
"366" 366 14 1 0 1 15 "Za" 0.93
"367" 367 15 0 0 1 15 "Za" 1
"368" 368 13 0 1 2 14 "Za" 0.93
"369" 369 14 0 1 1 15 "Za" 0.93
"370" 370 13 0 1 2 14 "Za" 0.93
"371" 371 11 3 0 2 14 "Za" 0.79
"372" 372 12 0 2 2 14 "Za" 0.86
"373" 373 11 2 2 1 15 "Za" 0.73
"374" 374 6 4 4 2 14 "Za" 0.43
"375" 375 7 3 4 2 14 "Za" 0.5
"376" 376 12 0 1 3 13 "Za" 0.92
"377" 377 12 0 3 1 15 "Za" 0.8
"378" 378 13 0 1 2 14 "Za" 0.93
"379" 379 11 0 2 3 13 "Za" 0.85
"380" 380 10 0 3 3 13 "Za" 0.77
"381" 381 11 0 2 3 13 "Za" 0.85
"382" 382 15 0 0 1 15 "Za" 1
"383" 383 14 0 1 1 15 "Za" 0.93
"384" 384 10 4 1 1 15 "Za" 0.67
"385" 385 6 4 4 2 14 "Za" 0.43
"386" 386 8 2 4 2 14 "Za" 0.57
"387" 387 14 0 1 1 15 "Za" 0.93
"388" 388 14 0 1 1 15 "Za" 0.93
"389" 389 14 0 1 1 15 "Za" 0.93
"390" 390 12 0 2 2 14 "Za" 0.86
"391" 391 13 1 1 1 15 "Za" 0.87
"392" 392 14 0 1 1 15 "Za" 0.93
"393" 393 11 3 1 1 15 "Za" 0.73
"394" 394 13 0 1 2 14 "Za" 0.93
"395" 395 14 0 1 1 15 "Za" 0.93
"396" 396 14 0 1 1 15 "Za" 0.93
"397" 397 14 0 1 1 15 "Za" 0.93
"398" 398 14 0 1 1 15 "Za" 0.93
"399" 399 14 0 1 1 15 "Za" 0.93
"400" 400 13 0 1 2 14 "Za" 0.93
"401" 401 13 0 0 3 13 "Za" 1
"402" 402 11 0 3 2 14 "Za" 0.79
"403" 403 9 3 2 2 14 "Za" 0.64
"404" 404 14 0 1 1 15 "Za" 0.93
"405" 405 11 1 3 1 15 "Za" 0.73
"406" 406 14 0 1 1 15 "Za" 0.93
"407" 407 9 3 3 1 15 "Za" 0.6
"408" 408 13 0 1 2 14 "Za" 0.93
"409" 409 14 0 1 1 15 "Za" 0.93
"410" 410 14 0 1 1 15 "Za" 0.93
"411" 411 14 0 1 1 15 "Za" 0.93
"412" 412 13 0 2 1 15 "Za" 0.87
"413" 413 11 1 3 1 15 "Za" 0.73
"414" 414 14 0 1 1 15 "Za" 0.93
"415" 415 14 0 1 1 15 "Za" 0.93
"416" 416 14 0 1 1 15 "Za" 0.93
"417" 417 12 0 2 2 14 "Za" 0.86
"418" 418 12 0 1 3 13 "Za" 0.92
"419" 419 12 1 1 2 14 "Za" 0.86
"420" 420 13 0 1 2 14 "Za" 0.93
"421" 421 13 1 1 1 15 "Za" 0.87
"422" 422 14 0 1 1 15 "Za" 0.93
"423" 423 15 0 0 1 15 "Za" 1
"424" 424 14 0 1 1 15 "Za" 0.93
"425" 425 9 3 2 2 14 "Za" 0.64
"426" 426 13 1 1 1 15 "Za" 0.87
"427" 427 13 0 2 1 15 "Za" 0.87
"428" 428 10 1 3 2 14 "Za" 0.71
"429" 429 13 0 2 1 15 "Za" 0.87
"430" 430 14 0 1 1 15 "Za" 0.93
"431" 431 14 0 1 1 15 "Za" 0.93
"432" 432 14 0 1 1 15 "Za" 0.93
"433" 433 14 0 1 1 15 "Za" 0.93
"434" 434 14 0 1 1 15 "Za" 0.93
"435" 435 13 1 1 1 15 "Za" 0.87
"436" 436 14 0 1 1 15 "Za" 0.93
"437" 437 12 0 3 1 15 "Za" 0.8
"438" 438 11 1 3 1 15 "Za" 0.73
"439" 439 14 0 1 1 15 "Za" 0.93
"440" 440 14 0 1 1 15 "Za" 0.93
"441" 441 12 1 1 2 14 "Za" 0.86
"442" 442 13 1 1 1 15 "Za" 0.87
"443" 443 13 0 2 1 15 "Za" 0.87
"444" 444 13 0 2 1 15 "Za" 0.87
"445" 445 14 0 1 1 15 "Za" 0.93
"446" 446 10 3 2 1 15 "Za" 0.67
"447" 447 13 0 2 1 15 "Za" 0.87
"448" 448 14 0 1 1 15 "Za" 0.93
"449" 449 13 0 2 1 15 "Za" 0.87
"450" 450 13 0 2 1 15 "Za" 0.87
"451" 451 14 0 1 1 15 "Za" 0.93
"452" 452 13 0 1 2 14 "Za" 0.93
"453" 453 14 0 1 1 15 "Za" 0.93
"454" 454 15 0 0 1 15 "Za" 1
"455" 455 13 0 2 1 15 "Za" 0.87
"456" 456 15 0 0 1 15 "Za" 1
"457" 457 14 0 1 1 15 "Za" 0.93
"458" 458 14 0 1 1 15 "Za" 0.93
"459" 459 13 1 1 1 15 "Za" 0.87
"460" 460 13 1 0 2 14 "Za" 0.93
"461" 461 7 5 3 1 15 "Za" 0.47
"462" 462 13 0 2 1 15 "Za" 0.87
"463" 463 14 0 1 1 15 "Za" 0.93
"464" 464 14 0 1 1 15 "Za" 0.93
"465" 465 14 0 1 1 15 "Za" 0.93
"466" 466 14 0 1 1 15 "Za" 0.93
"467" 467 12 1 2 1 15 "Za" 0.8
"468" 468 14 1 0 1 15 "Za" 0.93
"469" 469 12 1 2 1 15 "Za" 0.8
"470" 470 13 1 1 1 15 "Za" 0.87
"471" 471 14 0 1 1 15 "Za" 0.93
"472" 472 14 0 1 1 15 "Za" 0.93
"473" 473 12 0 3 1 15 "Za" 0.8
"474" 474 13 1 1 1 15 "Za" 0.87
"475" 475 14 0 1 1 15 "Za" 0.93
"476" 476 15 0 0 1 15 "Za" 1
"477" 477 13 0 2 1 15 "Za" 0.87
"478" 478 14 0 1 1 15 "Za" 0.93
"479" 479 13 1 1 1 15 "Za" 0.87
"480" 480 13 0 2 1 15 "Za" 0.87
"481" 481 14 0 1 1 15 "Za" 0.93
"482" 482 8 2 5 1 15 "Za" 0.53
"483" 483 14 0 1 1 15 "Za" 0.93
"484" 484 15 0 0 1 15 "Za" 1
"485" 485 13 0 1 2 14 "Za" 0.93
"486" 486 4 8 1 3 13 "Przeciw" 0.62
"487" 487 6 8 1 1 15 "Przeciw" 0.53
"488" 488 9 6 0 1 15 "Za" 0.6
"489" 489 13 1 1 1 15 "Za" 0.87
"490" 490 11 0 3 2 14 "Za" 0.79
"491" 491 14 0 1 1 15 "Za" 0.93
"492" 492 13 1 1 1 15 "Za" 0.87
"493" 493 12 1 2 1 15 "Za" 0.8
"494" 494 13 0 2 1 15 "Za" 0.87
"495" 495 12 0 3 1 15 "Za" 0.8
"496" 496 15 0 0 1 15 "Za" 1
"497" 497 10 2 1 3 13 "Za" 0.77
"498" 498 6 9 0 1 15 "Przeciw" 0.6
"499" 499 3 12 0 1 15 "Przeciw" 0.8
"500" 500 15 0 0 1 15 "Za" 1
"501" 501 5 9 1 1 15 "Przeciw" 0.6
"502" 502 1 13 1 1 15 "Przeciw" 0.87
"503" 503 1 12 2 1 15 "Przeciw" 0.8
"504" 504 13 1 1 1 15 "Za" 0.87
"505" 505 1 13 1 1 15 "Przeciw" 0.87
"506" 506 0 12 1 3 13 "Przeciw" 0.92
"507" 507 15 0 0 1 15 "Za" 1
"508" 508 14 0 1 1 15 "Za" 0.93
"509" 509 14 0 1 1 15 "Za" 0.93
"510" 510 0 15 0 1 15 "Przeciw" 1
"511" 511 14 0 1 1 15 "Za" 0.93
"512" 512 14 0 1 1 15 "Za" 0.93
"513" 513 0 15 0 1 15 "Przeciw" 1
"514" 514 0 15 0 1 15 "Przeciw" 1
"515" 515 0 15 0 1 15 "Przeciw" 1
"516" 516 15 0 0 1 15 "Za" 1
"517" 517 14 0 0 2 14 "Za" 1
"518" 518 5 6 1 4 12 "Przeciw" 0.5
"519" 519 3 13 0 0 16 "Przeciw" 0.81
"520" 520 0 16 0 0 16 "Przeciw" 1
"521" 521 0 16 0 0 16 "Przeciw" 1
"522" 522 0 16 0 0 16 "Przeciw" 1
"523" 523 0 16 0 0 16 "Przeciw" 1
"524" 524 0 14 1 1 15 "Przeciw" 0.93
"525" 525 1 14 0 1 15 "Przeciw" 0.93
"526" 526 3 13 0 0 16 "Przeciw" 0.81
"527" 527 13 0 0 3 13 "Za" 1
"528" 528 4 11 0 1 15 "Przeciw" 0.73
"529" 529 13 1 1 1 15 "Za" 0.87
"530" 530 13 0 3 0 16 "Za" 0.81
"531" 531 14 0 1 1 15 "Za" 0.93
"532" 532 14 0 1 1 15 "Za" 0.93
"533" 533 13 0 1 2 14 "Za" 0.93
"534" 534 16 0 0 0 16 "Za" 1
"535" 535 16 0 0 0 16 "Za" 1
"536" 536 16 0 0 0 16 "Za" 1
"537" 537 14 0 0 2 14 "Za" 1
"538" 538 15 0 0 1 15 "Za" 1
"539" 539 14 0 0 2 14 "Za" 1
"540" 540 15 0 0 1 15 "Za" 1
"541" 541 15 0 1 0 16 "Za" 0.94
"542" 542 15 0 1 0 16 "Za" 0.94
"543" 543 15 0 1 0 16 "Za" 0.94
"544" 544 16 0 0 0 16 "Za" 1
"545" 545 16 0 0 0 16 "Za" 1
"546" 546 16 0 0 0 16 "Za" 1
"547" 547 16 0 0 0 16 "Za" 1
"548" 548 15 0 1 0 16 "Za" 0.94
"549" 549 15 0 1 0 16 "Za" 0.94
"550" 550 16 0 0 0 16 "Za" 1
"551" 551 16 0 0 0 16 "Za" 1
"552" 552 16 0 0 0 16 "Za" 1
"553" 553 16 0 0 0 16 "Za" 1
"554" 554 16 0 0 0 16 "Za" 1
"555" 555 16 0 0 0 16 "Za" 1
"556" 556 16 0 0 0 16 "Za" 1
"557" 557 15 0 1 0 16 "Za" 0.94
"558" 558 15 0 1 0 16 "Za" 0.94
"559" 559 16 0 0 0 16 "Za" 1
"560" 560 15 0 1 0 16 "Za" 0.94
"561" 561 0 14 2 0 16 "Przeciw" 0.88
"562" 562 0 16 0 0 16 "Przeciw" 1
"563" 563 15 0 0 1 15 "Za" 1
"564" 564 14 0 0 2 14 "Za" 1
"565" 565 14 0 0 2 14 "Za" 1
"566" 566 15 0 0 1 15 "Za" 1
"567" 567 15 0 0 1 15 "Za" 1
"568" 568 14 0 0 2 14 "Za" 1
"569" 569 15 0 0 1 15 "Za" 1
"570" 570 13 0 0 3 13 "Za" 1
"571" 571 15 0 0 1 15 "Za" 1
"572" 572 15 0 0 1 15 "Za" 1
"573" 573 15 0 0 1 15 "Za" 1
"574" 574 13 0 0 3 13 "Za" 1
"575" 575 15 0 0 1 15 "Za" 1
"576" 576 15 0 0 1 15 "Za" 1
"577" 577 14 0 1 1 15 "Za" 0.93
"578" 578 14 0 1 1 15 "Za" 0.93
"579" 579 15 0 0 1 15 "Za" 1
"580" 580 15 0 0 1 15 "Za" 1
"581" 581 14 0 1 1 15 "Za" 0.93
"582" 582 15 0 0 1 15 "Za" 1
"583" 583 14 0 1 1 15 "Za" 0.93
"584" 584 15 0 0 1 15 "Za" 1
"585" 585 15 0 0 1 15 "Za" 1
"586" 586 15 0 0 1 15 "Za" 1
"587" 587 15 0 0 1 15 "Za" 1
"588" 588 13 0 0 3 13 "Za" 1
"589" 589 14 0 1 1 15 "Za" 0.93
"590" 590 14 0 1 1 15 "Za" 0.93
"591" 591 14 0 1 1 15 "Za" 0.93
"592" 592 15 0 0 1 15 "Za" 1
"593" 593 13 0 1 2 14 "Za" 0.93
"594" 594 15 0 0 1 15 "Za" 1
"595" 595 15 0 0 1 15 "Za" 1
"596" 596 14 0 1 1 15 "Za" 0.93
"597" 597 15 0 0 1 15 "Za" 1
"598" 598 14 0 1 1 15 "Za" 0.93
"599" 599 15 0 0 1 15 "Za" 1
"600" 600 14 0 1 1 15 "Za" 0.93
"601" 601 15 0 0 1 15 "Za" 1
"602" 602 15 0 0 1 15 "Za" 1
"603" 603 15 0 0 1 15 "Za" 1
"604" 604 14 0 0 2 14 "Za" 1
"605" 605 13 0 0 3 13 "Za" 1
"606" 606 13 0 1 2 14 "Za" 0.93
"607" 607 11 0 2 3 13 "Za" 0.85
"608" 608 13 0 1 2 14 "Za" 0.93
"609" 609 15 0 0 1 15 "Za" 1
"610" 610 13 0 1 2 14 "Za" 0.93
"611" 611 15 0 0 1 15 "Za" 1
"612" 612 15 0 0 1 15 "Za" 1
"613" 613 15 0 0 1 15 "Za" 1
"614" 614 15 0 0 1 15 "Za" 1
"615" 615 13 0 1 2 14 "Za" 0.93
"616" 616 15 0 0 1 15 "Za" 1
"617" 617 15 0 0 1 15 "Za" 1
"618" 618 15 0 0 1 15 "Za" 1
"619" 619 14 0 1 1 15 "Za" 0.93
"620" 620 15 0 0 1 15 "Za" 1
"621" 621 15 0 0 1 15 "Za" 1
"622" 622 15 0 0 1 15 "Za" 1
"623" 623 14 0 1 1 15 "Za" 0.93
"624" 624 15 0 0 1 15 "Za" 1
"625" 625 15 0 0 1 15 "Za" 1
"626" 626 15 0 0 1 15 "Za" 1
"627" 627 15 0 0 1 15 "Za" 1
"628" 628 14 0 1 1 15 "Za" 0.93
"629" 629 14 0 0 2 14 "Za" 1
"630" 630 15 0 0 1 15 "Za" 1
"631" 631 14 0 1 1 15 "Za" 0.93
"632" 632 12 1 0 3 13 "Za" 0.92
"633" 633 12 2 0 2 14 "Za" 0.86
"634" 634 13 0 0 3 13 "Za" 1
"635" 635 13 0 1 2 14 "Za" 0.93
"636" 636 14 0 1 1 15 "Za" 0.93
"637" 637 15 0 0 1 15 "Za" 1
"638" 638 15 0 0 1 15 "Za" 1
"639" 639 15 0 0 1 15 "Za" 1
"640" 640 15 0 0 1 15 "Za" 1
"641" 641 15 0 0 1 15 "Za" 1
"642" 642 15 0 0 1 15 "Za" 1
"643" 643 15 0 0 1 15 "Za" 1
"644" 644 15 0 0 1 15 "Za" 1
"645" 645 14 0 0 2 14 "Za" 1
"646" 646 14 1 0 1 15 "Za" 0.93
"647" 647 15 0 0 1 15 "Za" 1
"648" 648 15 0 0 1 15 "Za" 1
"649" 649 14 1 0 1 15 "Za" 0.93
"650" 650 14 1 0 1 15 "Za" 0.93
"651" 651 15 0 0 1 15 "Za" 1
"652" 652 15 0 0 1 15 "Za" 1
"653" 653 15 0 0 1 15 "Za" 1
"654" 654 15 0 0 1 15 "Za" 1
"655" 655 15 0 0 1 15 "Za" 1
"656" 656 0 16 0 0 16 "Przeciw" 1
"657" 657 2 13 0 1 15 "Przeciw" 0.87
"658" 658 15 0 0 1 15 "Za" 1
"659" 659 15 0 0 1 15 "Za" 1
"660" 660 15 0 0 1 15 "Za" 1
"661" 661 0 14 1 1 15 "Przeciw" 0.93
"662" 662 1 14 0 1 15 "Przeciw" 0.93
"663" 663 14 0 0 2 14 "Za" 1
"664" 664 15 0 0 1 15 "Za" 1
"665" 665 15 0 0 1 15 "Za" 1
"666" 666 0 16 0 0 16 "Przeciw" 1
"667" 667 15 0 0 1 15 "Za" 1
"668" 668 15 0 0 1 15 "Za" 1
"669" 669 16 0 0 0 16 "Za" 1
"670" 670 16 0 0 0 16 "Za" 1
"671" 671 16 0 0 0 16 "Za" 1
"672" 672 16 0 0 0 16 "Za" 1
"673" 673 16 0 0 0 16 "Za" 1
"674" 674 16 0 0 0 16 "Za" 1
"675" 675 15 0 0 1 15 "Za" 1
"676" 676 16 0 0 0 16 "Za" 1
"677" 677 16 0 0 0 16 "Za" 1
"678" 678 15 0 0 1 15 "Za" 1
"679" 679 16 0 0 0 16 "Za" 1
"680" 680 16 0 0 0 16 "Za" 1
"681" 681 16 0 0 0 16 "Za" 1
"682" 682 16 0 0 0 16 "Za" 1
"683" 683 16 0 0 0 16 "Za" 1
"684" 684 16 0 0 0 16 "Za" 1
"685" 685 16 0 0 0 16 "Za" 1
"686" 686 16 0 0 0 16 "Za" 1
"687" 687 16 0 0 0 16 "Za" 1
"688" 688 16 0 0 0 16 "Za" 1
"689" 689 16 0 0 0 16 "Za" 1
"690" 690 16 0 0 0 16 "Za" 1
"691" 691 16 0 0 0 16 "Za" 1
"692" 692 16 0 0 0 16 "Za" 1
"693" 693 15 0 0 1 15 "Za" 1
"694" 694 16 0 0 0 16 "Za" 1
"695" 695 16 0 0 0 16 "Za" 1
"696" 696 14 0 0 2 14 "Za" 1
"697" 697 15 0 0 1 15 "Za" 1
"698" 698 16 0 0 0 16 "Za" 1
"699" 699 16 0 0 0 16 "Za" 1
"700" 700 16 0 0 0 16 "Za" 1
"701" 701 16 0 0 0 16 "Za" 1
"702" 702 14 2 0 0 16 "Za" 0.88
"703" 703 16 0 0 0 16 "Za" 1
"704" 704 15 0 0 1 15 "Za" 1
"705" 705 15 0 0 1 15 "Za" 1
"706" 706 15 0 0 1 15 "Za" 1
"707" 707 15 0 0 1 15 "Za" 1
"708" 708 15 0 0 1 15 "Za" 1
"709" 709 15 0 0 1 15 "Za" 1
"710" 710 15 0 0 1 15 "Za" 1
"711" 711 15 0 0 1 15 "Za" 1
"712" 712 15 0 0 1 15 "Za" 1
"713" 713 15 0 0 1 15 "Za" 1
"714" 714 15 0 0 1 15 "Za" 1
"715" 715 14 1 0 1 15 "Za" 0.93
"716" 716 14 0 0 2 14 "Za" 1
"717" 717 14 0 0 2 14 "Za" 1
"718" 718 15 0 0 1 15 "Za" 1
"719" 719 15 0 0 1 15 "Za" 1
"720" 720 0 15 0 1 15 "Przeciw" 1
"721" 721 15 0 0 1 15 "Za" 1
"722" 722 15 0 0 1 15 "Za" 1
"723" 723 14 0 0 2 14 "Za" 1
"724" 724 16 0 0 0 16 "Za" 1
"725" 725 16 0 0 0 16 "Za" 1
"726" 726 16 0 0 0 16 "Za" 1
"727" 727 16 0 0 0 16 "Za" 1
"728" 728 15 0 1 0 16 "Za" 0.94
"729" 729 16 0 0 0 16 "Za" 1
"730" 730 16 0 0 0 16 "Za" 1
"731" 731 16 0 0 0 16 "Za" 1
"732" 732 16 0 0 0 16 "Za" 1
"733" 733 14 1 1 0 16 "Za" 0.88
"734" 734 7 5 0 4 12 "Za" 0.58
"735" 735 7 9 0 0 16 "Przeciw" 0.56
"736" 736 16 0 0 0 16 "Za" 1
"737" 737 16 0 0 0 16 "Za" 1
"738" 738 16 0 0 0 16 "Za" 1
"739" 739 16 0 0 0 16 "Za" 1
"740" 740 16 0 0 0 16 "Za" 1
"741" 741 16 0 0 0 16 "Za" 1
"742" 742 0 15 1 0 16 "Przeciw" 0.94
"743" 743 16 0 0 0 16 "Za" 1
"744" 744 15 0 0 1 15 "Za" 1
"745" 745 15 0 0 1 15 "Za" 1
"746" 746 15 0 0 1 15 "Za" 1
"747" 747 10 5 1 0 16 "Za" 0.62
"748" 748 16 0 0 0 16 "Za" 1
"749" 749 16 0 0 0 16 "Za" 1
"750" 750 16 0 0 0 16 "Za" 1
"751" 751 0 1 15 0 16 "Wstrzyma³ siê" 0.94
"752" 752 0 14 0 2 14 "Przeciw" 1
"753" 753 3 11 0 2 14 "Przeciw" 0.79
"754" 754 0 14 0 2 14 "Przeciw" 1
"755" 755 15 0 0 1 15 "Za" 1
"756" 756 15 0 0 1 15 "Za" 1
"757" 757 15 0 0 1 15 "Za" 1
"758" 758 14 0 0 2 14 "Za" 1
"759" 759 0 15 0 1 15 "Przeciw" 1
"760" 760 0 15 0 1 15 "Przeciw" 1
"761" 761 0 15 0 1 15 "Przeciw" 1
"762" 762 0 15 0 1 15 "Przeciw" 1
"763" 763 0 15 0 1 15 "Przeciw" 1
"764" 764 0 15 0 1 15 "Przeciw" 1
"765" 765 0 15 0 1 15 "Przeciw" 1
"766" 766 0 14 0 2 14 "Przeciw" 1
"767" 767 0 15 0 1 15 "Przeciw" 1
"768" 768 0 15 0 1 15 "Przeciw" 1
"769" 769 15 0 0 1 15 "Za" 1
"770" 770 1 14 0 1 15 "Przeciw" 0.93
"771" 771 0 15 0 1 15 "Przeciw" 1
"772" 772 1 14 0 1 15 "Przeciw" 0.93
"773" 773 1 14 0 1 15 "Przeciw" 0.93
"774" 774 12 3 0 1 15 "Za" 0.8
"775" 775 1 14 0 1 15 "Przeciw" 0.93
"776" 776 0 15 0 1 15 "Przeciw" 1
"777" 777 0 15 0 1 15 "Przeciw" 1
"778" 778 13 2 0 1 15 "Za" 0.87
"779" 779 0 15 0 1 15 "Przeciw" 1
"780" 780 0 15 0 1 15 "Przeciw" 1
"781" 781 14 1 0 1 15 "Za" 0.93
"782" 782 0 15 0 1 15 "Przeciw" 1
"783" 783 2 13 0 1 15 "Przeciw" 0.87
"784" 784 12 3 0 1 15 "Za" 0.8
"785" 785 0 15 0 1 15 "Przeciw" 1
"786" 786 15 0 0 1 15 "Za" 1
"787" 787 15 0 0 1 15 "Za" 1
"788" 788 1 14 0 1 15 "Przeciw" 0.93
"789" 789 15 0 0 1 15 "Za" 1
"790" 790 14 1 0 1 15 "Za" 0.93
"791" 791 15 0 0 1 15 "Za" 1
"792" 792 15 0 0 1 15 "Za" 1
"793" 793 15 0 0 1 15 "Za" 1
"794" 794 16 0 0 0 16 "Za" 1
"795" 795 1 0 15 0 16 "Wstrzyma³ siê" 0.94
"796" 796 1 0 15 0 16 "Wstrzyma³ siê" 0.94
"797" 797 1 1 14 0 16 "Wstrzyma³ siê" 0.88
"798" 798 16 0 0 0 16 "Za" 1
"799" 799 15 0 1 0 16 "Za" 0.94
"800" 800 16 0 0 0 16 "Za" 1
"801" 801 1 14 1 0 16 "Przeciw" 0.88
"802" 802 0 16 0 0 16 "Przeciw" 1
"803" 803 0 16 0 0 16 "Przeciw" 1
"804" 804 1 15 0 0 16 "Przeciw" 0.94
"805" 805 16 0 0 0 16 "Za" 1
"806" 806 16 0 0 0 16 "Za" 1
"807" 807 16 0 0 0 16 "Za" 1
"808" 808 16 0 0 0 16 "Za" 1
"809" 809 16 0 0 0 16 "Za" 1
"810" 810 15 1 0 0 16 "Za" 0.94
"811" 811 2 14 0 0 16 "Przeciw" 0.88
"812" 812 15 1 0 0 16 "Za" 0.94
"813" 813 0 16 0 0 16 "Przeciw" 1
"814" 814 1 15 0 0 16 "Przeciw" 0.94
"815" 815 16 0 0 0 16 "Za" 1
"816" 816 16 0 0 0 16 "Za" 1
"817" 817 16 0 0 0 16 "Za" 1
"818" 818 11 5 0 0 16 "Za" 0.69
"819" 819 1 15 0 0 16 "Przeciw" 0.94
"820" 820 16 0 0 0 16 "Za" 1
"821" 821 16 0 0 0 16 "Za" 1
"822" 822 15 1 0 0 16 "Za" 0.94
"823" 823 0 15 1 0 16 "Przeciw" 0.94
"824" 824 2 13 1 0 16 "Przeciw" 0.81
"825" 825 15 1 0 0 16 "Za" 0.94
"826" 826 0 16 0 0 16 "Przeciw" 1
"827" 827 16 0 0 0 16 "Za" 1
"828" 828 16 0 0 0 16 "Za" 1
"829" 829 16 0 0 0 16 "Za" 1
"830" 830 16 0 0 0 16 "Za" 1
"831" 831 16 0 0 0 16 "Za" 1
"832" 832 0 16 0 0 16 "Przeciw" 1
"833" 833 16 0 0 0 16 "Za" 1
"834" 834 16 0 0 0 16 "Za" 1
"835" 835 15 0 0 1 15 "Za" 1
"836" 836 15 0 0 1 15 "Za" 1
"837" 837 13 0 0 3 13 "Za" 1
"838" 838 12 0 0 4 12 "Za" 1
"839" 839 0 11 3 2 14 "Przeciw" 0.79
"840" 840 13 0 0 3 13 "Za" 1
"841" 841 0 14 0 2 14 "Przeciw" 1
"842" 842 13 1 0 2 14 "Za" 0.93
"843" 843 0 14 0 2 14 "Przeciw" 1
"844" 844 2 5 7 2 14 "Wstrzyma³ siê" 0.5
"845" 845 0 14 0 2 14 "Przeciw" 1
"846" 846 14 0 0 2 14 "Za" 1
"847" 847 14 0 0 2 14 "Za" 1
"848" 848 14 0 0 2 14 "Za" 1
"849" 849 14 0 0 2 14 "Za" 1
"850" 850 14 0 0 2 14 "Za" 1
"851" 851 14 0 0 2 14 "Za" 1
"852" 852 13 0 0 3 13 "Za" 1
"853" 853 14 0 0 2 14 "Za" 1
"854" 854 13 0 1 2 14 "Za" 0.93
"855" 855 13 0 0 3 13 "Za" 1
"856" 856 14 0 0 2 14 "Za" 1
"857" 857 14 0 0 2 14 "Za" 1
"858" 858 14 0 0 2 14 "Za" 1
"859" 859 14 0 0 2 14 "Za" 1
"860" 860 14 0 0 2 14 "Za" 1
"861" 861 14 0 0 2 14 "Za" 1
"862" 862 14 0 0 2 14 "Za" 1
"863" 863 14 0 0 2 14 "Za" 1
"864" 864 14 0 0 2 14 "Za" 1
"865" 865 14 0 0 2 14 "Za" 1
"866" 866 13 1 0 2 14 "Za" 0.93
"867" 867 0 0 14 2 14 "Wstrzyma³ siê" 1
"868" 868 0 14 0 2 14 "Przeciw" 1
"869" 869 14 0 0 2 14 "Za" 1
"870" 870 14 0 0 2 14 "Za" 1
"871" 871 14 0 0 2 14 "Za" 1
"872" 872 14 0 0 2 14 "Za" 1
"873" 873 14 0 0 2 14 "Za" 1
"874" 874 14 0 0 2 14 "Za" 1
"875" 875 14 0 0 2 14 "Za" 1
"876" 876 14 0 0 2 14 "Za" 1
"877" 877 14 0 0 2 14 "Za" 1
"878" 878 1 12 0 3 13 "Przeciw" 0.92
"879" 879 14 0 0 2 14 "Za" 1
"880" 880 14 0 0 2 14 "Za" 1
"881" 881 14 0 0 2 14 "Za" 1
"882" 882 14 0 0 2 14 "Za" 1
"883" 883 14 0 0 2 14 "Za" 1
"884" 884 14 0 0 2 14 "Za" 1
"885" 885 12 0 0 4 12 "Za" 1
"886" 886 11 0 0 5 11 "Za" 1
"887" 887 11 0 0 5 11 "Za" 1
"888" 888 11 0 0 5 11 "Za" 1
"889" 889 13 0 0 3 13 "Za" 1
"890" 890 13 0 0 3 13 "Za" 1
"891" 891 14 0 0 2 14 "Za" 1
"892" 892 14 0 0 2 14 "Za" 1
"893" 893 0 13 1 2 14 "Przeciw" 0.93
"894" 894 1 13 0 2 14 "Przeciw" 0.93
"895" 895 14 0 0 2 14 "Za" 1
"896" 896 14 0 0 2 14 "Za" 1
"897" 897 14 0 0 2 14 "Za" 1
"898" 898 13 0 0 3 13 "Za" 1
"899" 899 7 7 0 2 14 "Za" 0.5
"900" 900 13 1 0 2 14 "Za" 0.93
"901" 901 14 0 0 2 14 "Za" 1
"902" 902 0 2 12 2 14 "Wstrzyma³ siê" 0.86
"903" 903 0 14 0 2 14 "Przeciw" 1
"904" 904 3 0 12 1 15 "Wstrzyma³ siê" 0.8
"905" 905 14 2 0 0 16 "Za" 0.88
"906" 906 4 10 1 1 15 "Przeciw" 0.67
"907" 907 9 2 1 4 12 "Za" 0.75
"908" 908 14 1 0 1 15 "Za" 0.93
"909" 909 13 3 0 0 16 "Za" 0.81
"910" 910 15 1 0 0 16 "Za" 0.94
"911" 911 14 2 0 0 16 "Za" 0.88
"912" 912 0 16 0 0 16 "Przeciw" 1
"913" 913 16 0 0 0 16 "Za" 1
"914" 914 16 0 0 0 16 "Za" 1
"915" 915 16 0 0 0 16 "Za" 1
"916" 916 11 2 2 1 15 "Za" 0.73
"917" 917 0 16 0 0 16 "Przeciw" 1
"918" 918 13 0 0 3 13 "Za" 1
"919" 919 13 3 0 0 16 "Za" 0.81
"920" 920 14 0 0 2 14 "Za" 1
"921" 921 15 0 0 1 15 "Za" 1
"922" 922 3 13 0 0 16 "Przeciw" 0.81
"923" 923 16 0 0 0 16 "Za" 1
"924" 924 16 0 0 0 16 "Za" 1
"925" 925 0 15 0 1 15 "Przeciw" 1
"926" 926 0 16 0 0 16 "Przeciw" 1
"927" 927 0 14 0 2 14 "Przeciw" 1
"928" 928 0 16 0 0 16 "Przeciw" 1
"929" 929 0 16 0 0 16 "Przeciw" 1
"930" 930 0 16 0 0 16 "Przeciw" 1
"931" 931 0 16 0 0 16 "Przeciw" 1
"932" 932 16 0 0 0 16 "Za" 1
"933" 933 0 16 0 0 16 "Przeciw" 1
"934" 934 0 16 0 0 16 "Przeciw" 1
"935" 935 0 16 0 0 16 "Przeciw" 1
"936" 936 0 16 0 0 16 "Przeciw" 1
"937" 937 0 16 0 0 16 "Przeciw" 1
"938" 938 0 16 0 0 16 "Przeciw" 1
"939" 939 0 16 0 0 16 "Przeciw" 1
"940" 940 0 16 0 0 16 "Przeciw" 1
"941" 941 0 15 0 1 15 "Przeciw" 1
"942" 942 0 16 0 0 16 "Przeciw" 1
"943" 943 0 15 0 1 15 "Przeciw" 1
"944" 944 0 15 0 1 15 "Przeciw" 1
"945" 945 0 14 0 2 14 "Przeciw" 1
"946" 946 0 15 0 1 15 "Przeciw" 1
"947" 947 0 15 0 1 15 "Przeciw" 1
"948" 948 11 4 0 1 15 "Za" 0.73
"949" 949 0 15 0 1 15 "Przeciw" 1
"950" 950 0 15 0 1 15 "Przeciw" 1
"951" 951 0 15 0 1 15 "Przeciw" 1
"952" 952 0 14 0 2 14 "Przeciw" 1
"953" 953 0 15 0 1 15 "Przeciw" 1
"954" 954 0 14 0 2 14 "Przeciw" 1
"955" 955 0 15 0 1 15 "Przeciw" 1
"956" 956 0 14 0 2 14 "Przeciw" 1
"957" 957 0 15 0 1 15 "Przeciw" 1
"958" 958 12 1 0 3 13 "Za" 0.92
"959" 959 0 15 0 1 15 "Przeciw" 1
"960" 960 0 15 0 1 15 "Przeciw" 1
"961" 961 0 15 0 1 15 "Przeciw" 1
"962" 962 0 13 0 3 13 "Przeciw" 1
"963" 963 0 15 0 1 15 "Przeciw" 1
"964" 964 16 0 0 0 16 "Za" 1
"965" 965 16 0 0 0 16 "Za" 1
"966" 966 15 0 0 1 15 "Za" 1
"967" 967 16 0 0 0 16 "Za" 1
"968" 968 15 0 1 0 16 "Za" 0.94
"969" 969 15 0 0 1 15 "Za" 1
"970" 970 15 0 0 1 15 "Za" 1
"971" 971 0 0 16 0 16 "Wstrzyma³ siê" 1
"972" 972 16 0 0 0 16 "Za" 1
"973" 973 15 0 1 0 16 "Za" 0.94
"974" 974 16 0 0 0 16 "Za" 1
"975" 975 2 14 0 0 16 "Przeciw" 0.88
"976" 976 16 0 0 0 16 "Za" 1
"977" 977 16 0 0 0 16 "Za" 1
"978" 978 16 0 0 0 16 "Za" 1
"979" 979 16 0 0 0 16 "Za" 1
"980" 980 16 0 0 0 16 "Za" 1
"981" 981 16 0 0 0 16 "Za" 1
"982" 982 16 0 0 0 16 "Za" 1
"983" 983 16 0 0 0 16 "Za" 1
"984" 984 16 0 0 0 16 "Za" 1
"985" 985 16 0 0 0 16 "Za" 1
"986" 986 16 0 0 0 16 "Za" 1
"987" 987 0 16 0 0 16 "Przeciw" 1
"988" 988 0 16 0 0 16 "Przeciw" 1
"989" 989 16 0 0 0 16 "Za" 1
"990" 990 15 0 1 0 16 "Za" 0.94
"991" 991 16 0 0 0 16 "Za" 1
"992" 992 16 0 0 0 16 "Za" 1
"993" 993 16 0 0 0 16 "Za" 1
"994" 994 0 14 0 2 14 "Przeciw" 1
"995" 995 16 0 0 0 16 "Za" 1
"996" 996 16 0 0 0 16 "Za" 1
"997" 997 16 0 0 0 16 "Za" 1
"998" 998 1 15 0 0 16 "Przeciw" 0.94
"999" 999 0 16 0 0 16 "Przeciw" 1
"1000" 1000 0 16 0 0 16 "Przeciw" 1
"1001" 1001 1 15 0 0 16 "Przeciw" 0.94
"1002" 1002 0 16 0 0 16 "Przeciw" 1
"1003" 1003 15 0 1 0 16 "Za" 0.94
"1004" 1004 16 0 0 0 16 "Za" 1
"1005" 1005 16 0 0 0 16 "Za" 1
"1006" 1006 4 12 0 0 16 "Przeciw" 0.75
"1007" 1007 16 0 0 0 16 "Za" 1
"1008" 1008 14 1 1 0 16 "Za" 0.88
"1009" 1009 15 0 1 0 16 "Za" 0.94
"1010" 1010 15 0 1 0 16 "Za" 0.94
"1011" 1011 14 1 1 0 16 "Za" 0.88
"1012" 1012 0 16 0 0 16 "Przeciw" 1
"1013" 1013 16 0 0 0 16 "Za" 1
"1014" 1014 14 1 0 1 15 "Za" 0.93
"1015" 1015 0 16 0 0 16 "Przeciw" 1
"1016" 1016 0 16 0 0 16 "Przeciw" 1
"1017" 1017 16 0 0 0 16 "Za" 1
"1018" 1018 16 0 0 0 16 "Za" 1
"1019" 1019 0 16 0 0 16 "Przeciw" 1
"1020" 1020 16 0 0 0 16 "Za" 1
"1021" 1021 14 0 2 0 16 "Za" 0.88
"1022" 1022 16 0 0 0 16 "Za" 1
"1023" 1023 0 11 5 0 16 "Przeciw" 0.69
"1024" 1024 16 0 0 0 16 "Za" 1
"1025" 1025 16 0 0 0 16 "Za" 1
"1026" 1026 16 0 0 0 16 "Za" 1
"1027" 1027 16 0 0 0 16 "Za" 1
"1028" 1028 0 0 0 16 0 "Za" 0
"1029" 1029 14 0 0 2 14 "Za" 1
"1030" 1030 0 14 0 2 14 "Przeciw" 1
"1031" 1031 0 14 0 2 14 "Przeciw" 1
"1032" 1032 0 14 0 2 14 "Przeciw" 1
"1033" 1033 1 13 0 2 14 "Przeciw" 0.93
"1034" 1034 0 14 0 2 14 "Przeciw" 1
"1035" 1035 0 14 0 2 14 "Przeciw" 1
"1036" 1036 1 13 0 2 14 "Przeciw" 0.93
"1037" 1037 0 14 0 2 14 "Przeciw" 1
"1038" 1038 16 0 0 0 16 "Za" 1
"1039" 1039 16 0 0 0 16 "Za" 1
"1040" 1040 16 0 0 0 16 "Za" 1
"1041" 1041 0 16 0 0 16 "Przeciw" 1
"1042" 1042 14 2 0 0 16 "Za" 0.88
"1043" 1043 0 15 1 0 16 "Przeciw" 0.94
"1044" 1044 0 16 0 0 16 "Przeciw" 1
"1045" 1045 0 16 0 0 16 "Przeciw" 1
"1046" 1046 0 16 0 0 16 "Przeciw" 1
"1047" 1047 0 16 0 0 16 "Przeciw" 1
"1048" 1048 0 15 0 1 15 "Przeciw" 1
"1049" 1049 0 16 0 0 16 "Przeciw" 1
"1050" 1050 0 16 0 0 16 "Przeciw" 1
"1051" 1051 0 16 0 0 16 "Przeciw" 1
"1052" 1052 0 16 0 0 16 "Przeciw" 1
"1053" 1053 0 15 0 1 15 "Przeciw" 1
"1054" 1054 0 16 0 0 16 "Przeciw" 1
"1055" 1055 16 0 0 0 16 "Za" 1
"1056" 1056 0 16 0 0 16 "Przeciw" 1
"1057" 1057 0 16 0 0 16 "Przeciw" 1
"1058" 1058 0 16 0 0 16 "Przeciw" 1
"1059" 1059 0 16 0 0 16 "Przeciw" 1
"1060" 1060 0 16 0 0 16 "Przeciw" 1
"1061" 1061 0 16 0 0 16 "Przeciw" 1
"1062" 1062 0 16 0 0 16 "Przeciw" 1
"1063" 1063 0 16 0 0 16 "Przeciw" 1
"1064" 1064 0 16 0 0 16 "Przeciw" 1
"1065" 1065 0 16 0 0 16 "Przeciw" 1
"1066" 1066 0 16 0 0 16 "Przeciw" 1
"1067" 1067 0 16 0 0 16 "Przeciw" 1
"1068" 1068 16 0 0 0 16 "Za" 1
"1069" 1069 1 13 2 0 16 "Przeciw" 0.81
"1070" 1070 1 14 1 0 16 "Przeciw" 0.88
"1071" 1071 16 0 0 0 16 "Za" 1
"1072" 1072 16 0 0 0 16 "Za" 1
"1073" 1073 16 0 0 0 16 "Za" 1
"1074" 1074 0 16 0 0 16 "Przeciw" 1
"1075" 1075 0 14 2 0 16 "Przeciw" 0.88
"1076" 1076 16 0 0 0 16 "Za" 1
"1077" 1077 15 0 0 1 15 "Za" 1
"1078" 1078 16 0 0 0 16 "Za" 1
"1079" 1079 16 0 0 0 16 "Za" 1
"1080" 1080 16 0 0 0 16 "Za" 1
"1081" 1081 16 0 0 0 16 "Za" 1
"1082" 1082 16 0 0 0 16 "Za" 1
"1083" 1083 16 0 0 0 16 "Za" 1
"1084" 1084 14 0 0 2 14 "Za" 1
"1085" 1085 14 0 0 2 14 "Za" 1
"1086" 1086 0 14 0 2 14 "Przeciw" 1
"1087" 1087 14 0 0 2 14 "Za" 1
"1088" 1088 12 2 0 2 14 "Za" 0.86
"1089" 1089 10 0 0 6 10 "Za" 1
"1090" 1090 10 0 0 6 10 "Za" 1
"1091" 1091 14 0 1 1 15 "Za" 0.93
"1092" 1092 15 0 0 1 15 "Za" 1
"1093" 1093 15 0 0 1 15 "Za" 1
"1094" 1094 15 0 0 1 15 "Za" 1
"1095" 1095 15 0 0 1 15 "Za" 1
"1096" 1096 0 14 1 1 15 "Przeciw" 0.93
"1097" 1097 15 0 0 1 15 "Za" 1
"1098" 1098 14 0 1 1 15 "Za" 0.93
"1099" 1099 15 0 0 1 15 "Za" 1
"1100" 1100 14 0 1 1 15 "Za" 0.93
"1101" 1101 15 0 0 1 15 "Za" 1
"1102" 1102 14 0 0 2 14 "Za" 1
"1103" 1103 15 0 0 1 15 "Za" 1
"1104" 1104 15 0 0 1 15 "Za" 1
"1105" 1105 15 0 0 1 15 "Za" 1
"1106" 1106 15 0 0 1 15 "Za" 1
"1107" 1107 15 0 0 1 15 "Za" 1
"1108" 1108 15 0 0 1 15 "Za" 1
"1109" 1109 15 0 0 1 15 "Za" 1
"1110" 1110 15 0 0 1 15 "Za" 1
"1111" 1111 1 14 0 1 15 "Przeciw" 0.93
"1112" 1112 0 15 0 1 15 "Przeciw" 1
"1113" 1113 15 0 0 1 15 "Za" 1
"1114" 1114 14 0 1 1 15 "Za" 0.93
"1115" 1115 12 2 1 1 15 "Za" 0.8
"1116" 1116 13 2 0 1 15 "Za" 0.87
"1117" 1117 4 11 0 1 15 "Przeciw" 0.73
"1118" 1118 1 14 0 1 15 "Przeciw" 0.93
"1119" 1119 14 0 0 2 14 "Za" 1
"1120" 1120 14 0 0 2 14 "Za" 1
"1121" 1121 15 0 0 1 15 "Za" 1
"1122" 1122 15 0 0 1 15 "Za" 1
"1123" 1123 15 0 0 1 15 "Za" 1
"1124" 1124 15 0 0 1 15 "Za" 1
"1125" 1125 15 0 0 1 15 "Za" 1
"1126" 1126 1 12 0 3 13 "Przeciw" 0.92
"1127" 1127 0 15 0 1 15 "Przeciw" 1
"1128" 1128 15 0 0 1 15 "Za" 1
"1129" 1129 16 0 0 0 16 "Za" 1
"1130" 1130 15 0 0 1 15 "Za" 1
"1131" 1131 15 0 0 1 15 "Za" 1
"1132" 1132 15 0 0 1 15 "Za" 1
"1133" 1133 16 0 0 0 16 "Za" 1
"1134" 1134 16 0 0 0 16 "Za" 1
"1135" 1135 0 16 0 0 16 "Przeciw" 1
"1136" 1136 5 11 0 0 16 "Przeciw" 0.69
"1137" 1137 13 0 0 3 13 "Za" 1
"1138" 1138 0 14 0 2 14 "Przeciw" 1
"1139" 1139 0 14 0 2 14 "Przeciw" 1
"1140" 1140 0 14 0 2 14 "Przeciw" 1
"1141" 1141 0 14 0 2 14 "Przeciw" 1
"1142" 1142 0 13 0 3 13 "Przeciw" 1
"1143" 1143 8 6 0 2 14 "Za" 0.57
"1144" 1144 0 14 0 2 14 "Przeciw" 1
"1145" 1145 0 14 0 2 14 "Przeciw" 1
"1146" 1146 0 14 0 2 14 "Przeciw" 1
"1147" 1147 0 14 0 2 14 "Przeciw" 1
"1148" 1148 0 14 0 2 14 "Przeciw" 1
"1149" 1149 0 13 0 3 13 "Przeciw" 1
"1150" 1150 0 14 0 2 14 "Przeciw" 1
"1151" 1151 0 12 0 4 12 "Przeciw" 1
"1152" 1152 13 1 0 2 14 "Za" 0.93
"1153" 1153 0 13 0 3 13 "Przeciw" 1
"1154" 1154 11 2 0 3 13 "Za" 0.85
"1155" 1155 0 13 1 2 14 "Przeciw" 0.93
"1156" 1156 0 14 0 2 14 "Przeciw" 1
"1157" 1157 0 14 0 2 14 "Przeciw" 1
"1158" 1158 0 14 0 2 14 "Przeciw" 1
"1159" 1159 0 14 0 2 14 "Przeciw" 1
"1160" 1160 0 14 0 2 14 "Przeciw" 1
"1161" 1161 0 14 0 2 14 "Przeciw" 1
"1162" 1162 0 14 0 2 14 "Przeciw" 1
"1163" 1163 0 14 0 2 14 "Przeciw" 1
"1164" 1164 0 14 0 2 14 "Przeciw" 1
"1165" 1165 0 14 0 2 14 "Przeciw" 1
"1166" 1166 0 14 0 2 14 "Przeciw" 1
"1167" 1167 0 14 0 2 14 "Przeciw" 1
"1168" 1168 12 0 1 3 13 "Za" 0.92
"1169" 1169 13 0 1 2 14 "Za" 0.93
"1170" 1170 1 13 0 2 14 "Przeciw" 0.93
"1171" 1171 1 13 0 2 14 "Przeciw" 0.93
"1172" 1172 4 10 0 2 14 "Przeciw" 0.71
"1173" 1173 14 0 0 2 14 "Za" 1
"1174" 1174 13 1 0 2 14 "Za" 0.93
"1175" 1175 13 0 0 3 13 "Za" 1
"1176" 1176 13 1 0 2 14 "Za" 0.93
"1177" 1177 9 2 0 5 11 "Za" 0.82
"1178" 1178 0 13 1 2 14 "Przeciw" 0.93
"1179" 1179 1 13 0 2 14 "Przeciw" 0.93
"1180" 1180 4 9 1 2 14 "Przeciw" 0.64
"1181" 1181 12 1 1 2 14 "Za" 0.86
"1182" 1182 14 0 0 2 14 "Za" 1
"1183" 1183 14 0 0 2 14 "Za" 1
"1184" 1184 14 0 0 2 14 "Za" 1
"1185" 1185 12 2 0 2 14 "Za" 0.86
"1186" 1186 14 0 0 2 14 "Za" 1
"1187" 1187 14 0 0 2 14 "Za" 1
"1188" 1188 14 0 0 2 14 "Za" 1
"1189" 1189 0 13 1 2 14 "Przeciw" 0.93
"1190" 1190 14 0 0 2 14 "Za" 1
"1191" 1191 2 0 12 2 14 "Wstrzyma³ siê" 0.86
"1192" 1192 13 0 0 3 13 "Za" 1
"1193" 1193 14 0 0 2 14 "Za" 1
"1194" 1194 14 0 0 2 14 "Za" 1
"1195" 1195 13 0 0 3 13 "Za" 1
"1196" 1196 14 0 0 2 14 "Za" 1
"1197" 1197 14 0 0 2 14 "Za" 1
"1198" 1198 14 0 0 2 14 "Za" 1
"1199" 1199 13 0 0 3 13 "Za" 1
"1200" 1200 14 0 0 2 14 "Za" 1
"1201" 1201 14 0 0 2 14 "Za" 1
"1202" 1202 13 1 0 2 14 "Za" 0.93
"1203" 1203 14 0 0 2 14 "Za" 1
"1204" 1204 14 0 0 2 14 "Za" 1
"1205" 1205 14 0 0 2 14 "Za" 1
"1206" 1206 14 0 0 2 14 "Za" 1
"1207" 1207 14 0 0 2 14 "Za" 1
"1208" 1208 14 0 0 2 14 "Za" 1
"1209" 1209 13 0 0 3 13 "Za" 1
"1210" 1210 13 0 0 3 13 "Za" 1
"1211" 1211 13 0 0 3 13 "Za" 1
"1212" 1212 13 0 0 3 13 "Za" 1
"1213" 1213 13 0 0 3 13 "Za" 1
"1214" 1214 0 15 0 1 15 "Przeciw" 1
"1215" 1215 0 15 0 1 15 "Przeciw" 1
"1216" 1216 15 0 0 1 15 "Za" 1
"1217" 1217 15 0 0 1 15 "Za" 1
"1218" 1218 14 0 0 2 14 "Za" 1
"1219" 1219 0 0 0 16 0 "Za" 0
"1220" 1220 0 10 0 6 10 "Przeciw" 1
"1221" 1221 10 0 0 6 10 "Za" 1
"1222" 1222 0 11 0 5 11 "Przeciw" 1
"1223" 1223 11 0 0 5 11 "Za" 1
"1224" 1224 11 0 0 5 11 "Za" 1
"1225" 1225 8 3 0 5 11 "Za" 0.73
"1226" 1226 11 0 0 5 11 "Za" 1
"1227" 1227 9 2 0 5 11 "Za" 0.82
"1228" 1228 11 0 0 5 11 "Za" 1
"1229" 1229 11 0 0 5 11 "Za" 1
"1230" 1230 11 0 0 5 11 "Za" 1
"1231" 1231 11 0 0 5 11 "Za" 1
"1232" 1232 11 0 0 5 11 "Za" 1
"1233" 1233 11 0 0 5 11 "Za" 1
"1234" 1234 11 0 0 5 11 "Za" 1
"1235" 1235 1 10 0 5 11 "Przeciw" 0.91
"1236" 1236 11 0 0 5 11 "Za" 1
"1237" 1237 11 0 0 5 11 "Za" 1
"1238" 1238 10 0 0 6 10 "Za" 1
"1239" 1239 0 11 0 5 11 "Przeciw" 1
"1240" 1240 10 0 0 6 10 "Za" 1
"1241" 1241 0 11 0 5 11 "Przeciw" 1
"1242" 1242 13 0 0 3 13 "Za" 1
"1243" 1243 0 13 1 2 14 "Przeciw" 0.93
"1244" 1244 0 0 14 2 14 "Wstrzyma³ siê" 1
"1245" 1245 9 1 0 6 10 "Za" 0.9
"1246" 1246 3 11 0 2 14 "Przeciw" 0.79
"1247" 1247 0 14 0 2 14 "Przeciw" 1
"1248" 1248 0 14 0 2 14 "Przeciw" 1
"1249" 1249 0 14 0 2 14 "Przeciw" 1
"1250" 1250 0 13 0 3 13 "Przeciw" 1
"1251" 1251 0 14 0 2 14 "Przeciw" 1
"1252" 1252 0 14 0 2 14 "Przeciw" 1
"1253" 1253 0 14 0 2 14 "Przeciw" 1
"1254" 1254 0 14 0 2 14 "Przeciw" 1
"1255" 1255 0 14 0 2 14 "Przeciw" 1
"1256" 1256 0 14 0 2 14 "Przeciw" 1
"1257" 1257 0 13 0 3 13 "Przeciw" 1
"1258" 1258 0 14 0 2 14 "Przeciw" 1
"1259" 1259 0 13 0 3 13 "Przeciw" 1
"1260" 1260 0 14 0 2 14 "Przeciw" 1
"1261" 1261 0 14 0 2 14 "Przeciw" 1
"1262" 1262 13 0 1 2 14 "Za" 0.93
"1263" 1263 14 0 0 2 14 "Za" 1
"1264" 1264 13 0 2 1 15 "Za" 0.87
"1265" 1265 14 0 1 1 15 "Za" 0.93
"1266" 1266 15 0 0 1 15 "Za" 1
"1267" 1267 14 1 0 1 15 "Za" 0.93
"1268" 1268 15 0 0 1 15 "Za" 1
"1269" 1269 14 0 0 2 14 "Za" 1
"1270" 1270 15 0 0 1 15 "Za" 1
"1271" 1271 14 0 0 2 14 "Za" 1
"1272" 1272 15 0 0 1 15 "Za" 1
"1273" 1273 15 0 0 1 15 "Za" 1
"1274" 1274 15 0 0 1 15 "Za" 1
"1275" 1275 0 15 0 1 15 "Przeciw" 1
"1276" 1276 1 14 0 1 15 "Przeciw" 0.93
"1277" 1277 15 0 0 1 15 "Za" 1
"1278" 1278 15 0 0 1 15 "Za" 1
"1279" 1279 15 0 0 1 15 "Za" 1
"1280" 1280 15 0 0 1 15 "Za" 1
"1281" 1281 15 0 0 1 15 "Za" 1
"1282" 1282 15 0 0 1 15 "Za" 1
"1283" 1283 0 15 0 1 15 "Przeciw" 1
"1284" 1284 0 13 1 2 14 "Przeciw" 0.93
"1285" 1285 3 2 10 1 15 "Wstrzyma³ siê" 0.67
"1286" 1286 15 0 0 1 15 "Za" 1
"1287" 1287 15 0 0 1 15 "Za" 1
"1288" 1288 15 0 0 1 15 "Za" 1
"1289" 1289 14 0 1 1 15 "Za" 0.93
"1290" 1290 15 0 0 1 15 "Za" 1
"1291" 1291 15 0 0 1 15 "Za" 1
"1292" 1292 14 0 1 1 15 "Za" 0.93
"1293" 1293 13 0 1 2 14 "Za" 0.93
"1294" 1294 14 0 1 1 15 "Za" 0.93
"1295" 1295 15 0 0 1 15 "Za" 1
"1296" 1296 15 0 0 1 15 "Za" 1
"1297" 1297 15 0 0 1 15 "Za" 1
"1298" 1298 15 0 0 1 15 "Za" 1
"1299" 1299 14 1 0 1 15 "Za" 0.93
"1300" 1300 15 0 0 1 15 "Za" 1
"1301" 1301 15 0 0 1 15 "Za" 1
"1302" 1302 15 0 0 1 15 "Za" 1
"1303" 1303 0 14 1 1 15 "Przeciw" 0.93
"1304" 1304 15 0 0 1 15 "Za" 1
"1305" 1305 14 0 0 2 14 "Za" 1
"1306" 1306 15 0 0 1 15 "Za" 1
"1307" 1307 0 15 0 1 15 "Przeciw" 1
"1308" 1308 14 0 0 2 14 "Za" 1
"1309" 1309 15 0 0 1 15 "Za" 1
"1310" 1310 4 9 2 1 15 "Przeciw" 0.6
"1311" 1311 11 3 0 2 14 "Za" 0.79
"1312" 1312 14 0 0 2 14 "Za" 1
"1313" 1313 0 13 1 2 14 "Przeciw" 0.93
"1314" 1314 8 0 0 8 8 "Za" 1
"1315" 1315 0 8 0 8 8 "Przeciw" 1
"1316" 1316 0 8 0 8 8 "Przeciw" 1
"1317" 1317 0 8 0 8 8 "Przeciw" 1
"1318" 1318 0 9 0 7 9 "Przeciw" 1
"1319" 1319 0 9 0 7 9 "Przeciw" 1
"1320" 1320 9 0 0 7 9 "Za" 1
"1321" 1321 0 8 0 8 8 "Przeciw" 1
"1322" 1322 0 8 0 8 8 "Przeciw" 1
"1323" 1323 8 0 0 8 8 "Za" 1
"1324" 1324 0 8 0 8 8 "Przeciw" 1
"1325" 1325 0 8 0 8 8 "Przeciw" 1
"1326" 1326 0 8 0 8 8 "Przeciw" 1
"1327" 1327 0 9 0 7 9 "Przeciw" 1
"1328" 1328 0 9 0 7 9 "Przeciw" 1
"1329" 1329 0 9 0 7 9 "Przeciw" 1
"1330" 1330 0 9 0 7 9 "Przeciw" 1
"1331" 1331 0 9 0 7 9 "Przeciw" 1
"1332" 1332 0 9 0 7 9 "Przeciw" 1
"1333" 1333 0 9 0 7 9 "Przeciw" 1
"1334" 1334 0 9 0 7 9 "Przeciw" 1
"1335" 1335 9 0 0 7 9 "Za" 1
"1336" 1336 9 0 0 7 9 "Za" 1
"1337" 1337 0 9 0 7 9 "Przeciw" 1
"1338" 1338 0 9 0 7 9 "Przeciw" 1
"1339" 1339 0 9 0 7 9 "Przeciw" 1
"1340" 1340 0 9 0 7 9 "Przeciw" 1
"1341" 1341 0 9 0 7 9 "Przeciw" 1
"1342" 1342 0 9 0 7 9 "Przeciw" 1
"1343" 1343 0 8 1 7 9 "Przeciw" 0.89
"1344" 1344 0 9 0 7 9 "Przeciw" 1
"1345" 1345 0 9 0 7 9 "Przeciw" 1
"1346" 1346 0 8 0 8 8 "Przeciw" 1
"1347" 1347 0 9 0 7 9 "Przeciw" 1
"1348" 1348 0 9 0 7 9 "Przeciw" 1
"1349" 1349 0 9 0 7 9 "Przeciw" 1
"1350" 1350 0 8 0 8 8 "Przeciw" 1
"1351" 1351 0 9 0 7 9 "Przeciw" 1
"1352" 1352 9 0 0 7 9 "Za" 1
"1353" 1353 9 0 0 7 9 "Za" 1
"1354" 1354 9 0 0 7 9 "Za" 1
"1355" 1355 9 0 0 7 9 "Za" 1
"1356" 1356 8 1 1 6 10 "Za" 0.8
"1357" 1357 9 0 0 7 9 "Za" 1
"1358" 1358 0 10 0 6 10 "Przeciw" 1
"1359" 1359 0 10 0 6 10 "Przeciw" 1
"1360" 1360 5 0 5 6 10 "Za" 0.5
"1361" 1361 0 9 1 6 10 "Przeciw" 0.9
"1362" 1362 9 0 0 7 9 "Za" 1
"1363" 1363 9 0 0 7 9 "Za" 1
"1364" 1364 9 0 0 7 9 "Za" 1
"1365" 1365 10 0 0 6 10 "Za" 1
"1366" 1366 1 1 8 6 10 "Wstrzyma³ siê" 0.8
"1367" 1367 11 0 0 5 11 "Za" 1
"1368" 1368 10 0 0 6 10 "Za" 1
"1369" 1369 10 0 0 6 10 "Za" 1
"1370" 1370 11 0 0 5 11 "Za" 1
"1371" 1371 1 0 10 5 11 "Wstrzyma³ siê" 0.91
"1372" 1372 3 0 8 5 11 "Wstrzyma³ siê" 0.73
"1373" 1373 11 0 0 5 11 "Za" 1
"1374" 1374 11 0 0 5 11 "Za" 1
"1375" 1375 11 0 0 5 11 "Za" 1
"1376" 1376 12 0 0 4 12 "Za" 1
"1377" 1377 10 0 0 6 10 "Za" 1
"1378" 1378 11 0 1 4 12 "Za" 0.92
"1379" 1379 12 0 1 3 13 "Za" 0.92
"1380" 1380 1 1 11 3 13 "Wstrzyma³ siê" 0.85
"1381" 1381 11 1 1 3 13 "Za" 0.85
"1382" 1382 11 0 0 5 11 "Za" 1
"1383" 1383 12 1 0 3 13 "Za" 0.92
"1384" 1384 12 1 0 3 13 "Za" 0.92
"1385" 1385 13 0 0 3 13 "Za" 1
"1386" 1386 12 1 0 3 13 "Za" 0.92
"1387" 1387 13 0 0 3 13 "Za" 1
"1388" 1388 13 0 0 3 13 "Za" 1
"1389" 1389 13 0 0 3 13 "Za" 1
"1390" 1390 10 0 0 6 10 "Za" 1
"1391" 1391 10 0 0 6 10 "Za" 1
"1392" 1392 9 0 0 7 9 "Za" 1
"1393" 1393 9 0 0 7 9 "Za" 1
"1394" 1394 1 1 8 6 10 "Wstrzyma³ siê" 0.8
"1395" 1395 11 0 0 5 11 "Za" 1
"1396" 1396 11 1 0 4 12 "Za" 0.92
"1397" 1397 13 0 0 3 13 "Za" 1
"1398" 1398 13 0 0 3 13 "Za" 1
"1399" 1399 13 0 0 3 13 "Za" 1
"1400" 1400 0 13 0 3 13 "Przeciw" 1
"1401" 1401 13 0 0 3 13 "Za" 1
"1402" 1402 0 13 0 3 13 "Przeciw" 1
"1403" 1403 13 0 0 3 13 "Za" 1
"1404" 1404 0 13 0 3 13 "Przeciw" 1
"1405" 1405 0 12 1 3 13 "Przeciw" 0.92
"1406" 1406 1 11 1 3 13 "Przeciw" 0.85
"1407" 1407 0 13 0 3 13 "Przeciw" 1
"1408" 1408 13 0 0 3 13 "Za" 1
"1409" 1409 13 0 0 3 13 "Za" 1
"1410" 1410 1 12 0 3 13 "Przeciw" 0.92
"1411" 1411 1 12 0 3 13 "Przeciw" 0.92
"1412" 1412 12 1 0 3 13 "Za" 0.92
"1413" 1413 3 10 0 3 13 "Przeciw" 0.77
"1414" 1414 2 11 0 3 13 "Przeciw" 0.85
"1415" 1415 1 12 0 3 13 "Przeciw" 0.92
"1416" 1416 12 0 0 4 12 "Za" 1
"1417" 1417 6 8 0 2 14 "Przeciw" 0.57
"1418" 1418 13 0 0 3 13 "Za" 1
"1419" 1419 14 0 0 2 14 "Za" 1
"1420" 1420 13 0 0 3 13 "Za" 1
"1421" 1421 14 0 0 2 14 "Za" 1
"1422" 1422 14 0 0 2 14 "Za" 1
"1423" 1423 14 0 0 2 14 "Za" 1
"1424" 1424 14 0 0 2 14 "Za" 1
"1425" 1425 14 0 0 2 14 "Za" 1
"1426" 1426 14 0 0 2 14 "Za" 1
"1427" 1427 14 0 0 2 14 "Za" 1
"1428" 1428 0 14 0 2 14 "Przeciw" 1
"1429" 1429 14 0 0 2 14 "Za" 1
"1430" 1430 14 0 0 2 14 "Za" 1
"1431" 1431 0 14 0 2 14 "Przeciw" 1
"1432" 1432 14 0 0 2 14 "Za" 1
"1433" 1433 12 2 0 2 14 "Za" 0.86
"1434" 1434 0 14 0 2 14 "Przeciw" 1
"1435" 1435 0 14 0 2 14 "Przeciw" 1
"1436" 1436 13 0 0 3 13 "Za" 1
"1437" 1437 14 0 0 2 14 "Za" 1
"1438" 1438 14 0 0 2 14 "Za" 1
"1439" 1439 14 0 0 2 14 "Za" 1
"1440" 1440 14 0 0 2 14 "Za" 1
"1441" 1441 14 0 0 2 14 "Za" 1
"1442" 1442 14 0 0 2 14 "Za" 1
"1443" 1443 14 0 0 2 14 "Za" 1
"1444" 1444 13 0 0 3 13 "Za" 1
"1445" 1445 14 0 0 2 14 "Za" 1
"1446" 1446 14 0 0 2 14 "Za" 1
"1447" 1447 14 0 0 2 14 "Za" 1
"1448" 1448 14 0 0 2 14 "Za" 1
"1449" 1449 14 0 0 2 14 "Za" 1
"1450" 1450 0 14 0 2 14 "Przeciw" 1
"1451" 1451 0 14 0 2 14 "Przeciw" 1
"1452" 1452 0 14 0 2 14 "Przeciw" 1
"1453" 1453 15 0 0 1 15 "Za" 1
"1454" 1454 0 15 0 1 15 "Przeciw" 1
"1455" 1455 15 0 0 1 15 "Za" 1
"1456" 1456 15 0 0 1 15 "Za" 1
"1457" 1457 15 0 0 1 15 "Za" 1
"1458" 1458 14 0 0 2 14 "Za" 1
"1459" 1459 14 0 0 2 14 "Za" 1
"1460" 1460 0 14 0 2 14 "Przeciw" 1
"1461" 1461 12 0 3 1 15 "Za" 0.8
"1462" 1462 14 0 0 2 14 "Za" 1
"1463" 1463 14 0 0 2 14 "Za" 1
"1464" 1464 0 15 1 0 16 "Przeciw" 0.94
"1465" 1465 16 0 0 0 16 "Za" 1
"1466" 1466 12 3 1 0 16 "Za" 0.75
"1467" 1467 0 15 1 0 16 "Przeciw" 0.94
"1468" 1468 15 0 1 0 16 "Za" 0.94
"1469" 1469 16 0 0 0 16 "Za" 1
"1470" 1470 0 16 0 0 16 "Przeciw" 1
"1471" 1471 0 15 1 0 16 "Przeciw" 0.94
"1472" 1472 16 0 0 0 16 "Za" 1
"1473" 1473 1 14 1 0 16 "Przeciw" 0.88
"1474" 1474 14 0 1 1 15 "Za" 0.93
"1475" 1475 0 14 2 0 16 "Przeciw" 0.88
"1476" 1476 1 14 1 0 16 "Przeciw" 0.88
"1477" 1477 15 0 1 0 16 "Za" 0.94
"1478" 1478 0 16 0 0 16 "Przeciw" 1
"1479" 1479 0 16 0 0 16 "Przeciw" 1
"1480" 1480 16 0 0 0 16 "Za" 1
"1481" 1481 6 10 0 0 16 "Przeciw" 0.62
"1482" 1482 13 2 0 1 15 "Za" 0.87
"1483" 1483 0 16 0 0 16 "Przeciw" 1
"1484" 1484 14 0 2 0 16 "Za" 0.88
"1485" 1485 16 0 0 0 16 "Za" 1
"1486" 1486 2 14 0 0 16 "Przeciw" 0.88
"1487" 1487 16 0 0 0 16 "Za" 1
"1488" 1488 16 0 0 0 16 "Za" 1
"1489" 1489 14 2 0 0 16 "Za" 0.88
"1490" 1490 8 6 0 2 14 "Za" 0.57
"1491" 1491 10 6 0 0 16 "Za" 0.62
"1492" 1492 13 0 0 3 13 "Za" 1
"1493" 1493 13 0 0 3 13 "Za" 1
"1494" 1494 13 0 0 3 13 "Za" 1
"1495" 1495 12 0 1 3 13 "Za" 0.92
"1496" 1496 5 9 0 2 14 "Przeciw" 0.64
"1497" 1497 0 14 0 2 14 "Przeciw" 1
"1498" 1498 0 14 0 2 14 "Przeciw" 1
"1499" 1499 0 15 0 1 15 "Przeciw" 1
"1500" 1500 0 14 0 2 14 "Przeciw" 1
"1501" 1501 0 1 14 1 15 "Wstrzyma³ siê" 0.93
"1502" 1502 0 1 14 1 15 "Wstrzyma³ siê" 0.93
"1503" 1503 14 0 1 1 15 "Za" 0.93
"1504" 1504 0 15 0 1 15 "Przeciw" 1
"1505" 1505 0 15 0 1 15 "Przeciw" 1
"1506" 1506 0 15 0 1 15 "Przeciw" 1
"1507" 1507 0 15 0 1 15 "Przeciw" 1
"1508" 1508 0 5 10 1 15 "Wstrzyma³ siê" 0.67
"1509" 1509 0 4 11 1 15 "Wstrzyma³ siê" 0.73
"1510" 1510 0 15 0 1 15 "Przeciw" 1
"1511" 1511 0 15 0 1 15 "Przeciw" 1
"1512" 1512 0 15 0 1 15 "Przeciw" 1
"1513" 1513 0 15 0 1 15 "Przeciw" 1
"1514" 1514 11 4 0 1 15 "Za" 0.73
"1515" 1515 0 15 0 1 15 "Przeciw" 1
"1516" 1516 0 15 0 1 15 "Przeciw" 1
"1517" 1517 0 15 0 1 15 "Przeciw" 1
"1518" 1518 0 15 0 1 15 "Przeciw" 1
"1519" 1519 0 15 0 1 15 "Przeciw" 1
"1520" 1520 0 15 0 1 15 "Przeciw" 1
"1521" 1521 0 15 0 1 15 "Przeciw" 1
"1522" 1522 8 7 0 1 15 "Za" 0.53
"1523" 1523 0 15 0 1 15 "Przeciw" 1
"1524" 1524 0 15 0 1 15 "Przeciw" 1
"1525" 1525 0 15 0 1 15 "Przeciw" 1
"1526" 1526 0 15 0 1 15 "Przeciw" 1
"1527" 1527 0 15 0 1 15 "Przeciw" 1
"1528" 1528 0 15 0 1 15 "Przeciw" 1
"1529" 1529 0 15 0 1 15 "Przeciw" 1
"1530" 1530 0 15 0 1 15 "Przeciw" 1
"1531" 1531 0 15 0 1 15 "Przeciw" 1
"1532" 1532 0 15 0 1 15 "Przeciw" 1
"1533" 1533 0 15 0 1 15 "Przeciw" 1
"1534" 1534 14 0 1 1 15 "Za" 0.93
"1535" 1535 0 15 0 1 15 "Przeciw" 1
"1536" 1536 15 0 0 1 15 "Za" 1
"1537" 1537 0 14 0 2 14 "Przeciw" 1
"1538" 1538 0 15 0 1 15 "Przeciw" 1
"1539" 1539 14 1 0 1 15 "Za" 0.93
"1540" 1540 1 14 0 1 15 "Przeciw" 0.93
"1541" 1541 0 15 0 1 15 "Przeciw" 1
"1542" 1542 0 15 0 1 15 "Przeciw" 1
"1543" 1543 0 15 0 1 15 "Przeciw" 1
"1544" 1544 0 15 0 1 15 "Przeciw" 1
"1545" 1545 0 15 0 1 15 "Przeciw" 1
"1546" 1546 0 15 0 1 15 "Przeciw" 1
"1547" 1547 0 14 0 2 14 "Przeciw" 1
"1548" 1548 0 15 0 1 15 "Przeciw" 1
"1549" 1549 0 15 0 1 15 "Przeciw" 1
"1550" 1550 0 15 0 1 15 "Przeciw" 1
"1551" 1551 0 15 0 1 15 "Przeciw" 1
"1552" 1552 0 15 0 1 15 "Przeciw" 1
"1553" 1553 0 15 0 1 15 "Przeciw" 1
"1554" 1554 15 0 0 1 15 "Za" 1
"1555" 1555 1 13 0 2 14 "Przeciw" 0.93
"1556" 1556 0 15 0 1 15 "Przeciw" 1
"1557" 1557 0 15 0 1 15 "Przeciw" 1
"1558" 1558 7 8 0 1 15 "Przeciw" 0.53
"1559" 1559 0 15 0 1 15 "Przeciw" 1
"1560" 1560 0 15 0 1 15 "Przeciw" 1
"1561" 1561 0 15 0 1 15 "Przeciw" 1
"1562" 1562 0 14 1 1 15 "Przeciw" 0.93
"1563" 1563 0 15 0 1 15 "Przeciw" 1
"1564" 1564 0 15 0 1 15 "Przeciw" 1
"1565" 1565 0 15 0 1 15 "Przeciw" 1
"1566" 1566 0 15 0 1 15 "Przeciw" 1
"1567" 1567 0 16 0 0 16 "Przeciw" 1
"1568" 1568 0 16 0 0 16 "Przeciw" 1
"1569" 1569 0 16 0 0 16 "Przeciw" 1
"1570" 1570 16 0 0 0 16 "Za" 1
"1571" 1571 0 16 0 0 16 "Przeciw" 1
"1572" 1572 16 0 0 0 16 "Za" 1
"1573" 1573 0 16 0 0 16 "Przeciw" 1
"1574" 1574 0 16 0 0 16 "Przeciw" 1
"1575" 1575 0 15 0 1 15 "Przeciw" 1
"1576" 1576 0 15 0 1 15 "Przeciw" 1
"1577" 1577 0 16 0 0 16 "Przeciw" 1
"1578" 1578 0 16 0 0 16 "Przeciw" 1
"1579" 1579 0 15 0 1 15 "Przeciw" 1
"1580" 1580 0 16 0 0 16 "Przeciw" 1
"1581" 1581 0 16 0 0 16 "Przeciw" 1
"1582" 1582 0 16 0 0 16 "Przeciw" 1
"1583" 1583 0 16 0 0 16 "Przeciw" 1
"1584" 1584 0 16 0 0 16 "Przeciw" 1
"1585" 1585 15 0 0 1 15 "Za" 1
"1586" 1586 15 0 0 1 15 "Za" 1
"1587" 1587 15 0 0 1 15 "Za" 1
"1588" 1588 9 0 2 5 11 "Za" 0.82
"1589" 1589 13 0 0 3 13 "Za" 1
"1590" 1590 16 0 0 0 16 "Za" 1
"1591" 1591 16 0 0 0 16 "Za" 1
"1592" 1592 16 0 0 0 16 "Za" 1
"1593" 1593 16 0 0 0 16 "Za" 1
"1594" 1594 16 0 0 0 16 "Za" 1
"1595" 1595 16 0 0 0 16 "Za" 1
"1596" 1596 16 0 0 0 16 "Za" 1
"1597" 1597 16 0 0 0 16 "Za" 1
"1598" 1598 0 16 0 0 16 "Przeciw" 1
"1599" 1599 15 1 0 0 16 "Za" 0.94
"1600" 1600 4 12 0 0 16 "Przeciw" 0.75
"1601" 1601 16 0 0 0 16 "Za" 1
"1602" 1602 16 0 0 0 16 "Za" 1
"1603" 1603 15 1 0 0 16 "Za" 0.94
"1604" 1604 0 16 0 0 16 "Przeciw" 1
"1605" 1605 0 16 0 0 16 "Przeciw" 1
"1606" 1606 0 15 1 0 16 "Przeciw" 0.94
"1607" 1607 2 14 0 0 16 "Przeciw" 0.88
"1608" 1608 14 2 0 0 16 "Za" 0.88
"1609" 1609 16 0 0 0 16 "Za" 1
"1610" 1610 16 0 0 0 16 "Za" 1
"1611" 1611 2 13 1 0 16 "Przeciw" 0.81
"1612" 1612 15 1 0 0 16 "Za" 0.94
"1613" 1613 16 0 0 0 16 "Za" 1
"1614" 1614 14 0 0 2 14 "Za" 1
"1615" 1615 15 0 0 1 15 "Za" 1
"1616" 1616 13 0 0 3 13 "Za" 1
"1617" 1617 10 0 1 5 11 "Za" 0.91
"1618" 1618 0 3 11 2 14 "Wstrzyma³ siê" 0.79
"1619" 1619 0 14 0 2 14 "Przeciw" 1
"1620" 1620 14 0 0 2 14 "Za" 1
"1621" 1621 1 13 0 2 14 "Przeciw" 0.93
"1622" 1622 15 0 0 1 15 "Za" 1
"1623" 1623 15 0 0 1 15 "Za" 1
"1624" 1624 14 0 0 2 14 "Za" 1
"1625" 1625 14 0 0 2 14 "Za" 1
"1626" 1626 0 16 0 0 16 "Przeciw" 1
"1627" 1627 16 0 0 0 16 "Za" 1
"1628" 1628 16 0 0 0 16 "Za" 1
"1629" 1629 16 0 0 0 16 "Za" 1
"1630" 1630 15 0 0 1 15 "Za" 1
"1631" 1631 15 0 0 1 15 "Za" 1
"1632" 1632 16 0 0 0 16 "Za" 1
"1633" 1633 16 0 0 0 16 "Za" 1
"1634" 1634 16 0 0 0 16 "Za" 1
"1635" 1635 16 0 0 0 16 "Za" 1
"1636" 1636 16 0 0 0 16 "Za" 1
"1637" 1637 14 0 0 2 14 "Za" 1
"1638" 1638 16 0 0 0 16 "Za" 1
"1639" 1639 16 0 0 0 16 "Za" 1
"1640" 1640 16 0 0 0 16 "Za" 1
"1641" 1641 16 0 0 0 16 "Za" 1
"1642" 1642 16 0 0 0 16 "Za" 1
"1643" 1643 16 0 0 0 16 "Za" 1
"1644" 1644 16 0 0 0 16 "Za" 1
"1645" 1645 16 0 0 0 16 "Za" 1
"1646" 1646 16 0 0 0 16 "Za" 1
"1647" 1647 16 0 0 0 16 "Za" 1
"1648" 1648 16 0 0 0 16 "Za" 1
"1649" 1649 16 0 0 0 16 "Za" 1
"1650" 1650 16 0 0 0 16 "Za" 1
"1651" 1651 16 0 0 0 16 "Za" 1
"1652" 1652 16 0 0 0 16 "Za" 1
"1653" 1653 16 0 0 0 16 "Za" 1
"1654" 1654 16 0 0 0 16 "Za" 1
"1655" 1655 15 0 0 1 15 "Za" 1
"1656" 1656 15 0 0 1 15 "Za" 1
"1657" 1657 1 0 14 1 15 "Wstrzyma³ siê" 0.93
"1658" 1658 1 15 0 0 16 "Przeciw" 0.94
"1659" 1659 1 15 0 0 16 "Przeciw" 0.94
"1660" 1660 0 16 0 0 16 "Przeciw" 1
"1661" 1661 16 0 0 0 16 "Za" 1
"1662" 1662 15 0 0 1 15 "Za" 1
"1663" 1663 16 0 0 0 16 "Za" 1
"1664" 1664 16 0 0 0 16 "Za" 1
"1665" 1665 15 0 0 1 15 "Za" 1
"1666" 1666 16 0 0 0 16 "Za" 1
"1667" 1667 0 15 0 1 15 "Przeciw" 1
"1668" 1668 16 0 0 0 16 "Za" 1
"1669" 1669 16 0 0 0 16 "Za" 1
"1670" 1670 16 0 0 0 16 "Za" 1
"1671" 1671 0 16 0 0 16 "Przeciw" 1
"1672" 1672 2 14 0 0 16 "Przeciw" 0.88
"1673" 1673 1 15 0 0 16 "Przeciw" 0.94
"1674" 1674 1 15 0 0 16 "Przeciw" 0.94
"1675" 1675 16 0 0 0 16 "Za" 1
"1676" 1676 16 0 0 0 16 "Za" 1
"1677" 1677 16 0 0 0 16 "Za" 1
"1678" 1678 16 0 0 0 16 "Za" 1
"1679" 1679 15 1 0 0 16 "Za" 0.94
"1680" 1680 14 0 0 2 14 "Za" 1
"1681" 1681 15 0 0 1 15 "Za" 1
"1682" 1682 15 0 0 1 15 "Za" 1
"1683" 1683 16 0 0 0 16 "Za" 1
"1684" 1684 1 15 0 0 16 "Przeciw" 0.94
"1685" 1685 16 0 0 0 16 "Za" 1
"1686" 1686 15 0 0 1 15 "Za" 1
"1687" 1687 0 16 0 0 16 "Przeciw" 1
"1688" 1688 14 2 0 0 16 "Za" 0.88
"1689" 1689 16 0 0 0 16 "Za" 1
"1690" 1690 15 0 0 1 15 "Za" 1
"1691" 1691 15 0 0 1 15 "Za" 1
"1692" 1692 0 16 0 0 16 "Przeciw" 1
"1693" 1693 16 0 0 0 16 "Za" 1
"1694" 1694 16 0 0 0 16 "Za" 1
"1695" 1695 16 0 0 0 16 "Za" 1
"1696" 1696 16 0 0 0 16 "Za" 1
"1697" 1697 16 0 0 0 16 "Za" 1
"1698" 1698 16 0 0 0 16 "Za" 1
"1699" 1699 16 0 0 0 16 "Za" 1
"1700" 1700 2 14 0 0 16 "Przeciw" 0.88
"1701" 1701 14 1 1 0 16 "Za" 0.88
"1702" 1702 15 1 0 0 16 "Za" 0.94
"1703" 1703 15 1 0 0 16 "Za" 0.94
"1704" 1704 13 1 2 0 16 "Za" 0.81
"1705" 1705 16 0 0 0 16 "Za" 1
"1706" 1706 0 16 0 0 16 "Przeciw" 1
"1707" 1707 16 0 0 0 16 "Za" 1
"1708" 1708 16 0 0 0 16 "Za" 1
"1709" 1709 16 0 0 0 16 "Za" 1
"1710" 1710 16 0 0 0 16 "Za" 1
"1711" 1711 16 0 0 0 16 "Za" 1
"1712" 1712 15 0 0 1 15 "Za" 1
"1713" 1713 16 0 0 0 16 "Za" 1
"1714" 1714 16 0 0 0 16 "Za" 1
"1715" 1715 16 0 0 0 16 "Za" 1
"1716" 1716 0 16 0 0 16 "Przeciw" 1
"1717" 1717 0 16 0 0 16 "Przeciw" 1
"1718" 1718 16 0 0 0 16 "Za" 1
"1719" 1719 11 0 0 5 11 "Za" 1
"1720" 1720 13 0 0 3 13 "Za" 1
"1721" 1721 0 13 0 3 13 "Przeciw" 1
"1722" 1722 12 0 0 4 12 "Za" 1
"1723" 1723 9 0 0 7 9 "Za" 1
"1724" 1724 0 10 0 6 10 "Przeciw" 1
"1725" 1725 0 10 0 6 10 "Przeciw" 1
"1726" 1726 0 10 0 6 10 "Przeciw" 1
"1727" 1727 0 13 0 3 13 "Przeciw" 1
"1728" 1728 13 0 0 3 13 "Za" 1
"1729" 1729 13 0 0 3 13 "Za" 1
"1730" 1730 0 12 0 4 12 "Przeciw" 1
"1731" 1731 12 0 0 4 12 "Za" 1
"1732" 1732 14 0 0 2 14 "Za" 1
"1733" 1733 12 2 0 2 14 "Za" 0.86
"1734" 1734 0 14 0 2 14 "Przeciw" 1
"1735" 1735 0 14 0 2 14 "Przeciw" 1
"1736" 1736 0 14 0 2 14 "Przeciw" 1
"1737" 1737 0 14 0 2 14 "Przeciw" 1
"1738" 1738 0 14 0 2 14 "Przeciw" 1
"1739" 1739 0 14 0 2 14 "Przeciw" 1
"1740" 1740 0 13 0 3 13 "Przeciw" 1
"1741" 1741 0 14 0 2 14 "Przeciw" 1
"1742" 1742 0 13 0 3 13 "Przeciw" 1
"1743" 1743 0 14 0 2 14 "Przeciw" 1
"1744" 1744 0 14 0 2 14 "Przeciw" 1
"1745" 1745 0 14 0 2 14 "Przeciw" 1
"1746" 1746 0 14 0 2 14 "Przeciw" 1
"1747" 1747 13 1 0 2 14 "Za" 0.93
"1748" 1748 10 4 0 2 14 "Za" 0.71
"1749" 1749 0 14 0 2 14 "Przeciw" 1
"1750" 1750 0 14 0 2 14 "Przeciw" 1
"1751" 1751 0 14 0 2 14 "Przeciw" 1
"1752" 1752 0 14 0 2 14 "Przeciw" 1
"1753" 1753 11 3 0 2 14 "Za" 0.79
"1754" 1754 0 14 0 2 14 "Przeciw" 1
"1755" 1755 0 14 0 2 14 "Przeciw" 1
"1756" 1756 0 14 0 2 14 "Przeciw" 1
"1757" 1757 0 14 0 2 14 "Przeciw" 1
"1758" 1758 1 13 0 2 14 "Przeciw" 0.93
"1759" 1759 0 13 0 3 13 "Przeciw" 1
"1760" 1760 3 10 0 3 13 "Przeciw" 0.77
"1761" 1761 13 1 0 2 14 "Za" 0.93
"1762" 1762 0 14 0 2 14 "Przeciw" 1
"1763" 1763 1 13 0 2 14 "Przeciw" 0.93
"1764" 1764 14 0 0 2 14 "Za" 1
"1765" 1765 14 0 0 2 14 "Za" 1
"1766" 1766 13 0 0 3 13 "Za" 1
"1767" 1767 14 0 0 2 14 "Za" 1
"1768" 1768 14 0 0 2 14 "Za" 1
"1769" 1769 3 0 9 4 12 "Wstrzyma³ siê" 0.75
"1770" 1770 0 14 0 2 14 "Przeciw" 1
"1771" 1771 2 0 9 5 11 "Wstrzyma³ siê" 0.82
"1772" 1772 12 0 0 4 12 "Za" 1
"1773" 1773 14 0 0 2 14 "Za" 1
"1774" 1774 0 13 0 3 13 "Przeciw" 1
"1775" 1775 14 0 0 2 14 "Za" 1
"1776" 1776 13 0 0 3 13 "Za" 1
"1777" 1777 2 11 0 3 13 "Przeciw" 0.85
"1778" 1778 0 13 0 3 13 "Przeciw" 1
"1779" 1779 12 1 0 3 13 "Za" 0.92
"1780" 1780 14 0 0 2 14 "Za" 1
"1781" 1781 13 0 0 3 13 "Za" 1
"1782" 1782 14 0 0 2 14 "Za" 1
"1783" 1783 14 0 0 2 14 "Za" 1
"1784" 1784 13 0 1 2 14 "Za" 0.93
"1785" 1785 0 1 13 2 14 "Wstrzyma³ siê" 0.93
"1786" 1786 14 0 0 2 14 "Za" 1
"1787" 1787 14 0 0 2 14 "Za" 1
"1788" 1788 14 0 0 2 14 "Za" 1
"1789" 1789 14 0 0 2 14 "Za" 1
"1790" 1790 14 0 0 2 14 "Za" 1
"1791" 1791 13 1 0 2 14 "Za" 0.93
"1792" 1792 14 0 0 2 14 "Za" 1
"1793" 1793 14 0 0 2 14 "Za" 1
"1794" 1794 13 0 0 3 13 "Za" 1
"1795" 1795 0 14 0 2 14 "Przeciw" 1
"1796" 1796 0 14 0 2 14 "Przeciw" 1
"1797" 1797 13 0 0 3 13 "Za" 1
"1798" 1798 0 14 0 2 14 "Przeciw" 1
"1799" 1799 14 0 0 2 14 "Za" 1
"1800" 1800 14 0 0 2 14 "Za" 1
"1801" 1801 0 14 0 2 14 "Przeciw" 1
"1802" 1802 14 0 0 2 14 "Za" 1
"1803" 1803 6 8 0 2 14 "Przeciw" 0.57
"1804" 1804 13 0 0 3 13 "Za" 1
"1805" 1805 13 0 0 3 13 "Za" 1
"1806" 1806 13 0 0 3 13 "Za" 1
"1807" 1807 0 12 1 3 13 "Przeciw" 0.92
"1808" 1808 14 0 0 2 14 "Za" 1
"1809" 1809 1 0 13 2 14 "Wstrzyma³ siê" 0.93
"1810" 1810 14 0 0 2 14 "Za" 1
"1811" 1811 13 0 0 3 13 "Za" 1
"1812" 1812 14 0 0 2 14 "Za" 1
"1813" 1813 0 14 0 2 14 "Przeciw" 1
"1814" 1814 2 0 12 2 14 "Wstrzyma³ siê" 0.86
"1815" 1815 2 0 12 2 14 "Wstrzyma³ siê" 0.86
"1816" 1816 2 1 11 2 14 "Wstrzyma³ siê" 0.79
"1817" 1817 2 0 11 3 13 "Wstrzyma³ siê" 0.85
"1818" 1818 11 0 2 3 13 "Za" 0.85
"1819" 1819 1 0 13 2 14 "Wstrzyma³ siê" 0.93
"1820" 1820 13 0 1 2 14 "Za" 0.93
"1821" 1821 1 12 1 2 14 "Przeciw" 0.86
"1822" 1822 14 0 0 2 14 "Za" 1
"1823" 1823 14 0 0 2 14 "Za" 1
"1824" 1824 14 0 0 2 14 "Za" 1
"1825" 1825 4 0 10 2 14 "Wstrzyma³ siê" 0.71
"1826" 1826 3 11 0 2 14 "Przeciw" 0.79
"1827" 1827 14 0 0 2 14 "Za" 1
"1828" 1828 14 0 0 2 14 "Za" 1
"1829" 1829 1 0 13 2 14 "Wstrzyma³ siê" 0.93
"1830" 1830 3 0 11 2 14 "Wstrzyma³ siê" 0.79
"1831" 1831 14 0 0 2 14 "Za" 1
"1832" 1832 13 0 0 3 13 "Za" 1
"1833" 1833 3 10 1 2 14 "Przeciw" 0.71
"1834" 1834 0 13 1 2 14 "Przeciw" 0.93
"1835" 1835 13 0 0 3 13 "Za" 1
"1836" 1836 12 0 0 4 12 "Za" 1
"1837" 1837 12 0 0 4 12 "Za" 1
"1838" 1838 11 2 0 3 13 "Za" 0.85
"1839" 1839 0 13 0 3 13 "Przeciw" 1
"1840" 1840 0 13 0 3 13 "Przeciw" 1
"1841" 1841 0 13 0 3 13 "Przeciw" 1
"1842" 1842 0 13 0 3 13 "Przeciw" 1
"1843" 1843 0 13 0 3 13 "Przeciw" 1
"1844" 1844 0 12 0 4 12 "Przeciw" 1
"1845" 1845 0 13 0 3 13 "Przeciw" 1
"1846" 1846 0 13 0 3 13 "Przeciw" 1
"1847" 1847 9 4 0 3 13 "Za" 0.69
"1848" 1848 0 13 0 3 13 "Przeciw" 1
"1849" 1849 0 13 0 3 13 "Przeciw" 1
"1850" 1850 0 13 0 3 13 "Przeciw" 1
"1851" 1851 0 13 0 3 13 "Przeciw" 1
"1852" 1852 0 13 0 3 13 "Przeciw" 1
"1853" 1853 0 13 0 3 13 "Przeciw" 1
"1854" 1854 3 9 1 3 13 "Przeciw" 0.69
"1855" 1855 13 0 0 3 13 "Za" 1
"1856" 1856 13 0 0 3 13 "Za" 1
"1857" 1857 13 0 0 3 13 "Za" 1
"1858" 1858 13 0 0 3 13 "Za" 1
"1859" 1859 13 0 0 3 13 "Za" 1
"1860" 1860 13 0 0 3 13 "Za" 1
"1861" 1861 13 0 0 3 13 "Za" 1
"1862" 1862 13 0 0 3 13 "Za" 1
"1863" 1863 13 0 0 3 13 "Za" 1
"1864" 1864 13 0 0 3 13 "Za" 1
"1865" 1865 13 0 0 3 13 "Za" 1
"1866" 1866 13 0 0 3 13 "Za" 1
"1867" 1867 13 0 0 3 13 "Za" 1
"1868" 1868 13 0 0 3 13 "Za" 1
"1869" 1869 13 0 0 3 13 "Za" 1
"1870" 1870 13 0 0 3 13 "Za" 1
"1871" 1871 13 0 0 3 13 "Za" 1
"1872" 1872 12 0 0 4 12 "Za" 1
"1873" 1873 13 0 0 3 13 "Za" 1
"1874" 1874 13 0 0 3 13 "Za" 1
"1875" 1875 11 0 0 5 11 "Za" 1
"1876" 1876 16 0 0 0 16 "Za" 1
"1877" 1877 16 0 0 0 16 "Za" 1
"1878" 1878 3 0 13 0 16 "Wstrzyma³ siê" 0.81
"1879" 1879 0 16 0 0 16 "Przeciw" 1
"1880" 1880 0 16 0 0 16 "Przeciw" 1
"1881" 1881 2 14 0 0 16 "Przeciw" 0.88
"1882" 1882 16 0 0 0 16 "Za" 1
"1883" 1883 16 0 0 0 16 "Za" 1
"1884" 1884 1 13 2 0 16 "Przeciw" 0.81
"1885" 1885 16 0 0 0 16 "Za" 1
"1886" 1886 15 0 0 1 15 "Za" 1
"1887" 1887 0 13 3 0 16 "Przeciw" 0.81
"1888" 1888 0 11 4 1 15 "Przeciw" 0.73
"1889" 1889 16 0 0 0 16 "Za" 1
"1890" 1890 14 0 0 2 14 "Za" 1
"1891" 1891 13 0 0 3 13 "Za" 1
"1892" 1892 2 10 1 3 13 "Przeciw" 0.77
"1893" 1893 5 2 6 3 13 "Wstrzyma³ siê" 0.46
"1894" 1894 11 0 2 3 13 "Za" 0.85
"1895" 1895 11 1 2 2 14 "Za" 0.79
"1896" 1896 4 8 2 2 14 "Przeciw" 0.57
"1897" 1897 14 0 0 2 14 "Za" 1
"1898" 1898 14 0 0 2 14 "Za" 1
"1899" 1899 14 0 0 2 14 "Za" 1
"1900" 1900 0 13 1 2 14 "Przeciw" 0.93
"1901" 1901 1 10 2 3 13 "Przeciw" 0.77
"1902" 1902 14 0 0 2 14 "Za" 1
"1903" 1903 14 0 0 2 14 "Za" 1
"1904" 1904 14 0 0 2 14 "Za" 1
"1905" 1905 15 0 0 1 15 "Za" 1
"1906" 1906 15 0 0 1 15 "Za" 1
"1907" 1907 14 0 1 1 15 "Za" 0.93
"1908" 1908 12 3 0 1 15 "Za" 0.8
"1909" 1909 11 3 0 2 14 "Za" 0.79
"1910" 1910 0 14 0 2 14 "Przeciw" 1
"1911" 1911 14 0 0 2 14 "Za" 1
"1912" 1912 0 13 0 3 13 "Przeciw" 1
