"nr_glosowania" "za" "przeciw" "wstrzymal" "nieobecny" "obecny" "tendencja" "proc_zgodnosci"
"1" 1 229 0 0 5 229 "Za" 1
"2" 2 0 234 0 0 234 "Przeciw" 1
"3" 3 0 234 0 0 234 "Przeciw" 1
"4" 4 0 233 0 1 233 "Przeciw" 1
"5" 5 0 234 0 0 234 "Przeciw" 1
"6" 6 1 232 0 1 233 "Przeciw" 1
"7" 7 0 234 0 0 234 "Przeciw" 1
"8" 8 0 234 0 0 234 "Przeciw" 1
"9" 9 0 234 0 0 234 "Przeciw" 1
"10" 10 0 234 0 0 234 "Przeciw" 1
"11" 11 0 234 0 0 234 "Przeciw" 1
"12" 12 0 234 0 0 234 "Przeciw" 1
"13" 13 0 234 0 0 234 "Przeciw" 1
"14" 14 0 233 0 1 233 "Przeciw" 1
"15" 15 0 232 0 2 232 "Przeciw" 1
"16" 16 0 233 0 1 233 "Przeciw" 1
"17" 17 0 233 0 1 233 "Przeciw" 1
"18" 18 0 233 0 1 233 "Przeciw" 1
"19" 19 0 233 0 1 233 "Przeciw" 1
"20" 20 0 233 0 1 233 "Przeciw" 1
"21" 21 0 232 0 2 232 "Przeciw" 1
"22" 22 0 233 0 1 233 "Przeciw" 1
"23" 23 0 233 0 1 233 "Przeciw" 1
"24" 24 0 233 0 1 233 "Przeciw" 1
"25" 25 0 233 0 1 233 "Przeciw" 1
"26" 26 0 233 0 1 233 "Przeciw" 1
"27" 27 0 233 0 1 233 "Przeciw" 1
"28" 28 0 233 0 1 233 "Przeciw" 1
"29" 29 0 233 0 1 233 "Przeciw" 1
"30" 30 0 233 0 1 233 "Przeciw" 1
"31" 31 225 0 0 9 225 "Za" 1
"32" 32 233 0 0 1 233 "Za" 1
"33" 33 233 0 0 1 233 "Za" 1
"34" 34 234 0 0 0 234 "Za" 1
"35" 35 1 233 0 0 234 "Przeciw" 1
"36" 36 231 2 1 0 234 "Za" 0.99
"37" 37 233 1 0 0 234 "Za" 1
"38" 38 224 5 5 0 234 "Za" 0.96
"39" 39 233 1 0 0 234 "Za" 1
"40" 40 4 230 0 0 234 "Przeciw" 0.98
"41" 41 234 0 0 0 234 "Za" 1
"42" 42 233 0 0 1 233 "Za" 1
"43" 43 234 0 0 0 234 "Za" 1
"44" 44 234 0 0 0 234 "Za" 1
"45" 45 227 2 3 2 232 "Za" 0.98
"46" 46 8 222 3 1 233 "Przeciw" 0.95
"47" 47 233 0 0 1 233 "Za" 1
"48" 48 233 0 0 1 233 "Za" 1
"49" 49 233 0 0 1 233 "Za" 1
"50" 50 224 6 1 3 231 "Za" 0.97
"51" 51 234 0 0 0 234 "Za" 1
"52" 52 226 3 4 1 233 "Za" 0.97
"53" 53 234 0 0 0 234 "Za" 1
"54" 54 234 0 0 0 234 "Za" 1
"55" 55 222 4 1 7 227 "Za" 0.98
"56" 56 234 0 0 0 234 "Za" 1
"57" 57 234 0 0 0 234 "Za" 1
"58" 58 234 0 0 0 234 "Za" 1
"59" 59 234 0 0 0 234 "Za" 1
"60" 60 234 0 0 0 234 "Za" 1
"61" 61 234 0 0 0 234 "Za" 1
"62" 62 234 0 0 0 234 "Za" 1
"63" 63 234 0 0 0 234 "Za" 1
"64" 64 0 233 0 1 233 "Przeciw" 1
"65" 65 0 231 0 3 231 "Przeciw" 1
"66" 66 231 0 0 3 231 "Za" 1
"67" 67 233 0 0 2 233 "Za" 1
"68" 68 0 232 0 3 232 "Przeciw" 1
"69" 69 0 231 0 4 231 "Przeciw" 1
"70" 70 229 0 0 6 229 "Za" 1
"71" 71 232 0 1 2 233 "Za" 1
"72" 72 233 0 0 2 233 "Za" 1
"73" 73 210 4 19 2 233 "Za" 0.9
"74" 74 229 0 3 3 232 "Za" 0.99
"75" 75 233 0 0 2 233 "Za" 1
"76" 76 234 0 0 1 234 "Za" 1
"77" 77 0 232 0 3 232 "Przeciw" 1
"78" 78 234 0 0 0 234 "Za" 1
"79" 79 234 0 0 0 234 "Za" 1
"80" 80 234 0 0 0 234 "Za" 1
"81" 81 233 0 0 1 233 "Za" 1
"82" 82 234 0 0 0 234 "Za" 1
"83" 83 234 0 0 0 234 "Za" 1
"84" 84 232 0 0 2 232 "Za" 1
"85" 85 1 229 0 4 230 "Przeciw" 1
"86" 86 234 0 0 0 234 "Za" 1
"87" 87 234 0 0 0 234 "Za" 1
"88" 88 234 0 0 0 234 "Za" 1
"89" 89 234 0 0 0 234 "Za" 1
"90" 90 234 0 0 0 234 "Za" 1
"91" 91 234 0 0 0 234 "Za" 1
"92" 92 1 232 0 1 233 "Przeciw" 1
"93" 93 234 0 0 0 234 "Za" 1
"94" 94 232 0 0 2 232 "Za" 1
"95" 95 0 234 0 0 234 "Przeciw" 1
"96" 96 233 0 0 1 233 "Za" 1
"97" 97 218 6 7 3 231 "Za" 0.94
"98" 98 231 1 0 2 232 "Za" 1
"99" 99 234 0 0 0 234 "Za" 1
"100" 100 233 0 0 1 233 "Za" 1
"101" 101 232 0 0 2 232 "Za" 1
"102" 102 0 233 0 1 233 "Przeciw" 1
"103" 103 228 1 3 2 232 "Za" 0.98
"104" 104 232 0 0 2 232 "Za" 1
"105" 105 1 31 197 5 229 "Wstrzyma³ siê" 0.86
"106" 106 231 0 0 3 231 "Za" 1
"107" 107 231 0 0 1 231 "Za" 1
"108" 108 230 1 1 0 232 "Za" 0.99
"109" 109 231 0 0 1 231 "Za" 1
"110" 110 232 0 0 0 232 "Za" 1
"111" 111 231 0 0 1 231 "Za" 1
"112" 112 232 0 0 0 232 "Za" 1
"113" 113 228 0 0 4 228 "Za" 1
"114" 114 232 0 0 0 232 "Za" 1
"115" 115 232 0 0 0 232 "Za" 1
"116" 116 1 230 0 1 231 "Przeciw" 1
"117" 117 231 0 0 1 231 "Za" 1
"118" 118 0 230 0 2 230 "Przeciw" 1
"119" 119 0 229 0 3 229 "Przeciw" 1
"120" 120 231 0 0 3 231 "Za" 1
"121" 121 0 232 0 2 232 "Przeciw" 1
"122" 122 0 232 0 2 232 "Przeciw" 1
"123" 123 0 229 0 5 229 "Przeciw" 1
"124" 124 233 0 0 1 233 "Za" 1
"125" 125 234 0 0 0 234 "Za" 1
"126" 126 234 0 0 0 234 "Za" 1
"127" 127 0 234 0 0 234 "Przeciw" 1
"128" 128 0 234 0 0 234 "Przeciw" 1
"129" 129 1 233 0 0 234 "Przeciw" 1
"130" 130 234 0 0 0 234 "Za" 1
"131" 131 229 0 0 4 229 "Za" 1
"132" 132 230 0 0 3 230 "Za" 1
"133" 133 0 230 0 3 230 "Przeciw" 1
"134" 134 0 228 0 5 228 "Przeciw" 1
"135" 135 0 230 0 3 230 "Przeciw" 1
"136" 136 0 230 0 3 230 "Przeciw" 1
"137" 137 1 227 1 4 229 "Przeciw" 0.99
"138" 138 0 230 0 3 230 "Przeciw" 1
"139" 139 1 229 0 3 230 "Przeciw" 1
"140" 140 0 229 0 4 229 "Przeciw" 1
"141" 141 0 230 0 3 230 "Przeciw" 1
"142" 142 0 230 0 3 230 "Przeciw" 1
"143" 143 230 0 0 3 230 "Za" 1
"144" 144 0 228 0 5 228 "Przeciw" 1
"145" 145 221 2 1 9 224 "Za" 0.99
"146" 146 225 0 0 8 225 "Za" 1
"147" 147 228 0 0 5 228 "Za" 1
"148" 148 1 227 0 5 228 "Przeciw" 1
"149" 149 228 0 0 5 228 "Za" 1
"150" 150 0 228 0 5 228 "Przeciw" 1
"151" 151 0 228 0 5 228 "Przeciw" 1
"152" 152 1 227 0 5 228 "Przeciw" 1
"153" 153 0 228 0 5 228 "Przeciw" 1
"154" 154 1 225 2 5 228 "Przeciw" 0.99
"155" 155 227 0 0 6 227 "Za" 1
"156" 156 227 0 0 6 227 "Za" 1
"157" 157 228 0 0 5 228 "Za" 1
"158" 158 228 0 0 5 228 "Za" 1
"159" 159 227 0 0 6 227 "Za" 1
"160" 160 228 0 0 5 228 "Za" 1
"161" 161 227 1 0 5 228 "Za" 1
"162" 162 1 227 0 5 228 "Przeciw" 1
"163" 163 227 0 0 6 227 "Za" 1
"164" 164 228 0 0 5 228 "Za" 1
"165" 165 228 0 0 5 228 "Za" 1
"166" 166 0 228 0 5 228 "Przeciw" 1
"167" 167 0 227 1 5 228 "Przeciw" 1
"168" 168 6 220 1 6 227 "Przeciw" 0.97
"169" 169 228 0 0 5 228 "Za" 1
"170" 170 228 0 0 5 228 "Za" 1
"171" 171 225 0 0 8 225 "Za" 1
"172" 172 0 218 0 16 218 "Przeciw" 1
"173" 173 227 0 0 7 227 "Za" 1
"174" 174 227 0 0 7 227 "Za" 1
"175" 175 227 0 0 7 227 "Za" 1
"176" 176 226 0 1 7 227 "Za" 1
"177" 177 232 0 0 2 232 "Za" 1
"178" 178 0 232 0 2 232 "Przeciw" 1
"179" 179 0 232 0 2 232 "Przeciw" 1
"180" 180 0 232 0 2 232 "Przeciw" 1
"181" 181 232 0 0 2 232 "Za" 1
"182" 182 232 0 0 2 232 "Za" 1
"183" 183 0 232 0 2 232 "Przeciw" 1
"184" 184 166 56 2 10 224 "Za" 0.74
"185" 185 1 231 0 2 232 "Przeciw" 1
"186" 186 0 231 0 3 231 "Przeciw" 1
"187" 187 231 1 0 2 232 "Za" 1
"188" 188 0 232 0 2 232 "Przeciw" 1
"189" 189 0 232 0 2 232 "Przeciw" 1
"190" 190 0 232 0 2 232 "Przeciw" 1
"191" 191 232 0 0 2 232 "Za" 1
"192" 192 0 232 0 2 232 "Przeciw" 1
"193" 193 0 232 0 2 232 "Przeciw" 1
"194" 194 0 232 0 2 232 "Przeciw" 1
"195" 195 0 228 0 6 228 "Przeciw" 1
"196" 196 0 232 0 2 232 "Przeciw" 1
"197" 197 0 231 0 3 231 "Przeciw" 1
"198" 198 0 232 0 2 232 "Przeciw" 1
"199" 199 0 232 0 2 232 "Przeciw" 1
"200" 200 0 231 0 3 231 "Przeciw" 1
"201" 201 0 232 0 2 232 "Przeciw" 1
"202" 202 231 0 0 3 231 "Za" 1
"203" 203 231 0 0 3 231 "Za" 1
"204" 204 232 0 0 2 232 "Za" 1
"205" 205 232 0 0 2 232 "Za" 1
"206" 206 232 0 0 2 232 "Za" 1
"207" 207 231 1 0 2 232 "Za" 1
"208" 208 232 0 0 2 232 "Za" 1
"209" 209 232 0 0 2 232 "Za" 1
"210" 210 231 0 0 3 231 "Za" 1
"211" 211 232 0 0 2 232 "Za" 1
"212" 212 231 1 0 2 232 "Za" 1
"213" 213 232 0 0 2 232 "Za" 1
"214" 214 232 0 0 2 232 "Za" 1
"215" 215 232 0 0 2 232 "Za" 1
"216" 216 231 0 0 3 231 "Za" 1
"217" 217 230 0 0 4 230 "Za" 1
"218" 218 232 0 0 2 232 "Za" 1
"219" 219 232 0 0 2 232 "Za" 1
"220" 220 231 0 0 3 231 "Za" 1
"221" 221 1 229 1 3 231 "Przeciw" 0.99
"222" 222 232 0 0 2 232 "Za" 1
"223" 223 232 0 0 2 232 "Za" 1
"224" 224 232 0 0 2 232 "Za" 1
"225" 225 232 0 0 2 232 "Za" 1
"226" 226 232 0 0 2 232 "Za" 1
"227" 227 232 0 0 2 232 "Za" 1
"228" 228 232 0 0 2 232 "Za" 1
"229" 229 230 1 0 3 231 "Za" 1
"230" 230 2 230 0 2 232 "Przeciw" 0.99
"231" 231 0 232 0 2 232 "Przeciw" 1
"232" 232 225 0 0 9 225 "Za" 1
"233" 233 214 0 0 20 214 "Za" 1
"234" 234 229 0 0 5 229 "Za" 1
"235" 235 231 0 0 3 231 "Za" 1
"236" 236 231 0 0 3 231 "Za" 1
"237" 237 231 0 0 3 231 "Za" 1
"238" 238 231 0 0 3 231 "Za" 1
"239" 239 0 231 0 3 231 "Przeciw" 1
"240" 240 0 227 0 7 227 "Przeciw" 1
"241" 241 230 0 0 3 230 "Za" 1
"242" 242 0 229 0 4 229 "Przeciw" 1
"243" 243 226 0 0 7 226 "Za" 1
"244" 244 0 213 0 20 213 "Przeciw" 1
"245" 245 228 0 0 6 228 "Za" 1
"246" 246 228 0 0 6 228 "Za" 1
"247" 247 0 228 0 6 228 "Przeciw" 1
"248" 248 0 228 0 6 228 "Przeciw" 1
"249" 249 228 0 0 6 228 "Za" 1
"250" 250 227 0 0 7 227 "Za" 1
"251" 251 0 228 0 6 228 "Przeciw" 1
"252" 252 0 228 0 6 228 "Przeciw" 1
"253" 253 0 228 0 6 228 "Przeciw" 1
"254" 254 0 228 0 6 228 "Przeciw" 1
"255" 255 0 228 0 6 228 "Przeciw" 1
"256" 256 0 227 0 7 227 "Przeciw" 1
"257" 257 0 228 0 6 228 "Przeciw" 1
"258" 258 0 221 0 13 221 "Przeciw" 1
"259" 259 0 228 0 6 228 "Przeciw" 1
"260" 260 228 0 0 6 228 "Za" 1
"261" 261 0 229 0 5 229 "Przeciw" 1
"262" 262 229 0 0 5 229 "Za" 1
"263" 263 0 229 0 5 229 "Przeciw" 1
"264" 264 0 228 0 6 228 "Przeciw" 1
"265" 265 0 228 0 6 228 "Przeciw" 1
"266" 266 0 229 0 5 229 "Przeciw" 1
"267" 267 0 227 0 7 227 "Przeciw" 1
"268" 268 0 228 0 6 228 "Przeciw" 1
"269" 269 0 229 0 5 229 "Przeciw" 1
"270" 270 0 229 0 5 229 "Przeciw" 1
"271" 271 0 228 0 6 228 "Przeciw" 1
"272" 272 1 227 0 6 228 "Przeciw" 1
"273" 273 229 0 0 5 229 "Za" 1
"274" 274 0 228 0 6 228 "Przeciw" 1
"275" 275 227 0 0 7 227 "Za" 1
"276" 276 0 228 0 6 228 "Przeciw" 1
"277" 277 0 226 0 8 226 "Przeciw" 1
"278" 278 229 0 0 5 229 "Za" 1
"279" 279 0 230 0 4 230 "Przeciw" 1
"280" 280 231 0 0 3 231 "Za" 1
"281" 281 231 0 0 3 231 "Za" 1
"282" 282 0 231 0 3 231 "Przeciw" 1
"283" 283 231 0 0 3 231 "Za" 1
"284" 284 0 230 0 4 230 "Przeciw" 1
"285" 285 231 0 0 3 231 "Za" 1
"286" 286 0 231 0 3 231 "Przeciw" 1
"287" 287 0 231 0 3 231 "Przeciw" 1
"288" 288 0 231 0 3 231 "Przeciw" 1
"289" 289 0 231 0 3 231 "Przeciw" 1
"290" 290 230 0 0 4 230 "Za" 1
"291" 291 229 2 0 3 231 "Za" 0.99
"292" 292 0 231 0 3 231 "Przeciw" 1
"293" 293 226 5 0 3 231 "Za" 0.98
"294" 294 0 231 0 3 231 "Przeciw" 1
"295" 295 0 231 0 3 231 "Przeciw" 1
"296" 296 0 231 0 3 231 "Przeciw" 1
"297" 297 0 231 0 3 231 "Przeciw" 1
"298" 298 0 228 0 6 228 "Przeciw" 1
"299" 299 0 231 0 3 231 "Przeciw" 1
"300" 300 0 230 0 4 230 "Przeciw" 1
"301" 301 0 231 0 3 231 "Przeciw" 1
"302" 302 231 0 0 3 231 "Za" 1
"303" 303 0 231 0 3 231 "Przeciw" 1
"304" 304 0 231 0 3 231 "Przeciw" 1
"305" 305 0 231 0 3 231 "Przeciw" 1
"306" 306 0 231 0 3 231 "Przeciw" 1
"307" 307 231 0 0 3 231 "Za" 1
"308" 308 0 231 0 3 231 "Przeciw" 1
"309" 309 231 0 0 3 231 "Za" 1
"310" 310 231 0 0 3 231 "Za" 1
"311" 311 231 0 0 3 231 "Za" 1
"312" 312 0 231 0 3 231 "Przeciw" 1
"313" 313 231 0 0 3 231 "Za" 1
"314" 314 0 230 0 4 230 "Przeciw" 1
"315" 315 0 229 0 5 229 "Przeciw" 1
"316" 316 0 230 0 4 230 "Przeciw" 1
"317" 317 0 230 0 4 230 "Przeciw" 1
"318" 318 0 230 0 4 230 "Przeciw" 1
"319" 319 0 229 0 5 229 "Przeciw" 1
"320" 320 232 0 0 2 232 "Za" 1
"321" 321 0 231 0 3 231 "Przeciw" 1
"322" 322 0 231 0 3 231 "Przeciw" 1
"323" 323 0 231 0 3 231 "Przeciw" 1
"324" 324 0 231 0 3 231 "Przeciw" 1
"325" 325 0 231 0 3 231 "Przeciw" 1
"326" 326 230 0 0 4 230 "Za" 1
"327" 327 0 232 0 2 232 "Przeciw" 1
"328" 328 0 232 0 2 232 "Przeciw" 1
"329" 329 1 231 0 2 232 "Przeciw" 1
"330" 330 226 5 0 3 231 "Za" 0.98
"331" 331 0 232 0 2 232 "Przeciw" 1
"332" 332 0 232 0 2 232 "Przeciw" 1
"333" 333 0 232 0 2 232 "Przeciw" 1
"334" 334 232 0 0 2 232 "Za" 1
"335" 335 0 230 0 4 230 "Przeciw" 1
"336" 336 0 231 0 3 231 "Przeciw" 1
"337" 337 228 0 0 6 228 "Za" 1
"338" 338 0 228 0 6 228 "Przeciw" 1
"339" 339 0 225 1 8 226 "Przeciw" 1
"340" 340 231 0 0 3 231 "Za" 1
"341" 341 231 0 0 3 231 "Za" 1
"342" 342 0 231 0 3 231 "Przeciw" 1
"343" 343 0 231 0 3 231 "Przeciw" 1
"344" 344 230 0 0 4 230 "Za" 1
"345" 345 230 0 0 4 230 "Za" 1
"346" 346 0 228 0 6 228 "Przeciw" 1
"347" 347 223 0 0 11 223 "Za" 1
"348" 348 0 233 0 1 233 "Przeciw" 1
"349" 349 0 4 229 1 233 "Wstrzyma³ siê" 0.98
"350" 350 230 0 0 4 230 "Za" 1
"351" 351 228 2 0 4 230 "Za" 0.99
"352" 352 233 0 0 1 233 "Za" 1
"353" 353 0 232 0 2 232 "Przeciw" 1
"354" 354 81 31 104 18 216 "Wstrzyma³ siê" 0.48
"355" 355 233 0 0 1 233 "Za" 1
"356" 356 2 226 0 6 228 "Przeciw" 0.99
"357" 357 231 0 0 3 231 "Za" 1
"358" 358 1 226 0 7 227 "Przeciw" 1
"359" 359 0 228 0 6 228 "Przeciw" 1
"360" 360 0 227 0 7 227 "Przeciw" 1
"361" 361 0 226 1 7 227 "Przeciw" 1
"362" 362 0 224 0 10 224 "Przeciw" 1
"363" 363 231 0 0 3 231 "Za" 1
"364" 364 0 227 0 7 227 "Przeciw" 1
"365" 365 0 231 0 3 231 "Przeciw" 1
"366" 366 0 231 0 3 231 "Przeciw" 1
"367" 367 0 226 0 8 226 "Przeciw" 1
"368" 368 0 230 0 4 230 "Przeciw" 1
"369" 369 0 229 0 5 229 "Przeciw" 1
"370" 370 0 224 0 10 224 "Przeciw" 1
"371" 371 0 230 0 4 230 "Przeciw" 1
"372" 372 0 229 0 5 229 "Przeciw" 1
"373" 373 0 225 0 9 225 "Przeciw" 1
"374" 374 1 224 0 9 225 "Przeciw" 1
"375" 375 232 0 0 2 232 "Za" 1
"376" 376 0 231 0 3 231 "Przeciw" 1
"377" 377 0 229 0 5 229 "Przeciw" 1
"378" 378 0 227 0 7 227 "Przeciw" 1
"379" 379 0 222 0 12 222 "Przeciw" 1
"380" 380 0 227 0 7 227 "Przeciw" 1
"381" 381 0 224 0 10 224 "Przeciw" 1
"382" 382 0 228 0 6 228 "Przeciw" 1
"383" 383 0 229 0 5 229 "Przeciw" 1
"384" 384 0 222 0 12 222 "Przeciw" 1
"385" 385 0 227 0 7 227 "Przeciw" 1
"386" 386 0 228 0 6 228 "Przeciw" 1
"387" 387 0 222 0 12 222 "Przeciw" 1
"388" 388 0 225 0 9 225 "Przeciw" 1
"389" 389 0 229 0 5 229 "Przeciw" 1
"390" 390 0 228 0 6 228 "Przeciw" 1
"391" 391 0 230 0 4 230 "Przeciw" 1
"392" 392 0 230 1 3 231 "Przeciw" 1
"393" 393 1 230 0 3 231 "Przeciw" 1
"394" 394 0 225 0 9 225 "Przeciw" 1
"395" 395 1 225 0 8 226 "Przeciw" 1
"396" 396 1 231 0 2 232 "Przeciw" 1
"397" 397 0 233 0 1 233 "Przeciw" 1
"398" 398 0 227 0 7 227 "Przeciw" 1
"399" 399 0 227 0 7 227 "Przeciw" 1
"400" 400 0 228 0 6 228 "Przeciw" 1
"401" 401 0 227 0 7 227 "Przeciw" 1
"402" 402 1 229 0 4 230 "Przeciw" 1
"403" 403 0 230 0 4 230 "Przeciw" 1
"404" 404 0 232 0 2 232 "Przeciw" 1
"405" 405 1 228 0 5 229 "Przeciw" 1
"406" 406 0 230 0 4 230 "Przeciw" 1
"407" 407 0 224 0 10 224 "Przeciw" 1
"408" 408 0 219 0 15 219 "Przeciw" 1
"409" 409 0 229 0 5 229 "Przeciw" 1
"410" 410 0 229 0 5 229 "Przeciw" 1
"411" 411 0 232 0 2 232 "Przeciw" 1
"412" 412 0 230 0 4 230 "Przeciw" 1
"413" 413 1 229 0 4 230 "Przeciw" 1
"414" 414 0 231 0 3 231 "Przeciw" 1
"415" 415 0 228 0 6 228 "Przeciw" 1
"416" 416 0 227 0 7 227 "Przeciw" 1
"417" 417 1 230 0 3 231 "Przeciw" 1
"418" 418 1 222 0 11 223 "Przeciw" 1
"419" 419 231 0 0 3 231 "Za" 1
"420" 420 0 230 0 4 230 "Przeciw" 1
"421" 421 0 230 0 4 230 "Przeciw" 1
"422" 422 0 231 0 3 231 "Przeciw" 1
"423" 423 0 231 0 3 231 "Przeciw" 1
"424" 424 0 231 0 3 231 "Przeciw" 1
"425" 425 0 232 0 2 232 "Przeciw" 1
"426" 426 1 231 0 2 232 "Przeciw" 1
"427" 427 232 1 0 1 233 "Za" 1
"428" 428 0 231 0 3 231 "Przeciw" 1
"429" 429 0 232 0 2 232 "Przeciw" 1
"430" 430 0 232 0 2 232 "Przeciw" 1
"431" 431 0 233 0 1 233 "Przeciw" 1
"432" 432 0 231 0 3 231 "Przeciw" 1
"433" 433 0 233 0 1 233 "Przeciw" 1
"434" 434 0 231 0 3 231 "Przeciw" 1
"435" 435 0 232 0 2 232 "Przeciw" 1
"436" 436 0 230 0 4 230 "Przeciw" 1
"437" 437 0 233 0 1 233 "Przeciw" 1
"438" 438 0 231 0 3 231 "Przeciw" 1
"439" 439 1 226 0 7 227 "Przeciw" 1
"440" 440 11 220 0 3 231 "Przeciw" 0.95
"441" 441 0 231 0 3 231 "Przeciw" 1
"442" 442 0 233 0 1 233 "Przeciw" 1
"443" 443 0 231 0 3 231 "Przeciw" 1
"444" 444 0 231 0 3 231 "Przeciw" 1
"445" 445 0 230 0 4 230 "Przeciw" 1
"446" 446 0 232 0 2 232 "Przeciw" 1
"447" 447 0 232 0 2 232 "Przeciw" 1
"448" 448 0 233 0 1 233 "Przeciw" 1
"449" 449 0 232 0 2 232 "Przeciw" 1
"450" 450 0 232 0 2 232 "Przeciw" 1
"451" 451 0 230 0 4 230 "Przeciw" 1
"452" 452 0 233 0 1 233 "Przeciw" 1
"453" 453 0 231 0 3 231 "Przeciw" 1
"454" 454 0 233 0 1 233 "Przeciw" 1
"455" 455 0 232 0 2 232 "Przeciw" 1
"456" 456 0 233 0 1 233 "Przeciw" 1
"457" 457 1 231 0 2 232 "Przeciw" 1
"458" 458 0 231 0 3 231 "Przeciw" 1
"459" 459 0 232 0 2 232 "Przeciw" 1
"460" 460 0 232 0 2 232 "Przeciw" 1
"461" 461 0 233 0 1 233 "Przeciw" 1
"462" 462 1 231 0 2 232 "Przeciw" 1
"463" 463 1 231 0 2 232 "Przeciw" 1
"464" 464 0 231 0 3 231 "Przeciw" 1
"465" 465 0 233 0 1 233 "Przeciw" 1
"466" 466 0 233 0 1 233 "Przeciw" 1
"467" 467 0 233 0 1 233 "Przeciw" 1
"468" 468 0 232 0 2 232 "Przeciw" 1
"469" 469 0 231 0 3 231 "Przeciw" 1
"470" 470 0 233 0 1 233 "Przeciw" 1
"471" 471 0 229 0 5 229 "Przeciw" 1
"472" 472 1 231 0 2 232 "Przeciw" 1
"473" 473 0 233 0 1 233 "Przeciw" 1
"474" 474 0 232 0 2 232 "Przeciw" 1
"475" 475 0 232 0 2 232 "Przeciw" 1
"476" 476 0 232 0 2 232 "Przeciw" 1
"477" 477 1 232 0 1 233 "Przeciw" 1
"478" 478 0 233 0 1 233 "Przeciw" 1
"479" 479 0 232 0 2 232 "Przeciw" 1
"480" 480 0 232 0 2 232 "Przeciw" 1
"481" 481 0 232 0 2 232 "Przeciw" 1
"482" 482 0 232 0 2 232 "Przeciw" 1
"483" 483 0 233 0 1 233 "Przeciw" 1
"484" 484 1 221 0 12 222 "Przeciw" 1
"485" 485 3 221 0 10 224 "Przeciw" 0.99
"486" 486 0 213 0 21 213 "Przeciw" 1
"487" 487 0 226 0 8 226 "Przeciw" 1
"488" 488 0 228 0 6 228 "Przeciw" 1
"489" 489 0 225 0 9 225 "Przeciw" 1
"490" 490 0 229 0 5 229 "Przeciw" 1
"491" 491 0 230 1 3 231 "Przeciw" 1
"492" 492 0 231 0 3 231 "Przeciw" 1
"493" 493 0 228 0 6 228 "Przeciw" 1
"494" 494 0 221 0 13 221 "Przeciw" 1
"495" 495 0 232 0 2 232 "Przeciw" 1
"496" 496 0 232 0 2 232 "Przeciw" 1
"497" 497 232 0 0 2 232 "Za" 1
"498" 498 0 232 0 2 232 "Przeciw" 1
"499" 499 230 2 0 2 232 "Za" 0.99
"500" 500 5 227 0 2 232 "Przeciw" 0.98
"501" 501 232 1 0 1 233 "Za" 1
"502" 502 229 3 0 2 232 "Za" 0.99
"503" 503 232 0 0 2 232 "Za" 1
"504" 504 2 230 0 2 232 "Przeciw" 0.99
"505" 505 229 0 0 5 229 "Za" 1
"506" 506 223 8 0 3 231 "Za" 0.97
"507" 507 0 229 0 5 229 "Przeciw" 1
"508" 508 0 232 0 2 232 "Przeciw" 1
"509" 509 0 233 0 1 233 "Przeciw" 1
"510" 510 231 2 0 1 233 "Za" 0.99
"511" 511 0 231 0 3 231 "Przeciw" 1
"512" 512 1 226 0 7 227 "Przeciw" 1
"513" 513 226 5 0 3 231 "Za" 0.98
"514" 514 0 232 0 2 232 "Przeciw" 1
"515" 515 1 231 0 2 232 "Przeciw" 1
"516" 516 4 228 0 2 232 "Przeciw" 0.98
"517" 517 233 0 0 1 233 "Za" 1
"518" 518 0 233 0 1 233 "Przeciw" 1
"519" 519 232 0 0 2 232 "Za" 1
"520" 520 230 1 0 3 231 "Za" 1
"521" 521 229 2 0 3 231 "Za" 0.99
"522" 522 232 0 0 2 232 "Za" 1
"523" 523 0 227 0 7 227 "Przeciw" 1
"524" 524 1 231 0 2 232 "Przeciw" 1
"525" 525 3 226 0 5 229 "Przeciw" 0.99
"526" 526 232 0 0 2 232 "Za" 1
"527" 527 0 233 0 1 233 "Przeciw" 1
"528" 528 232 1 0 1 233 "Za" 1
"529" 529 1 231 0 2 232 "Przeciw" 1
"530" 530 0 232 0 2 232 "Przeciw" 1
"531" 531 0 232 0 2 232 "Przeciw" 1
"532" 532 0 229 0 5 229 "Przeciw" 1
"533" 533 0 232 0 2 232 "Przeciw" 1
"534" 534 0 230 0 4 230 "Przeciw" 1
"535" 535 0 232 0 2 232 "Przeciw" 1
"536" 536 0 231 0 3 231 "Przeciw" 1
"537" 537 0 231 0 3 231 "Przeciw" 1
"538" 538 0 232 0 2 232 "Przeciw" 1
"539" 539 0 231 0 3 231 "Przeciw" 1
"540" 540 1 229 0 4 230 "Przeciw" 1
"541" 541 1 232 0 1 233 "Przeciw" 1
"542" 542 1 232 0 1 233 "Przeciw" 1
"543" 543 0 233 0 1 233 "Przeciw" 1
"544" 544 0 233 0 1 233 "Przeciw" 1
"545" 545 0 232 0 2 232 "Przeciw" 1
"546" 546 1 232 0 1 233 "Przeciw" 1
"547" 547 0 233 0 1 233 "Przeciw" 1
"548" 548 0 232 0 2 232 "Przeciw" 1
"549" 549 0 231 0 3 231 "Przeciw" 1
"550" 550 0 232 0 2 232 "Przeciw" 1
"551" 551 0 229 0 5 229 "Przeciw" 1
"552" 552 0 232 0 2 232 "Przeciw" 1
"553" 553 0 231 0 3 231 "Przeciw" 1
"554" 554 0 233 0 1 233 "Przeciw" 1
"555" 555 0 233 0 1 233 "Przeciw" 1
"556" 556 1 227 0 6 228 "Przeciw" 1
"557" 557 0 231 0 3 231 "Przeciw" 1
"558" 558 2 231 0 1 233 "Przeciw" 0.99
"559" 559 0 210 23 1 233 "Przeciw" 0.9
"560" 560 2 230 0 2 232 "Przeciw" 0.99
"561" 561 3 229 0 2 232 "Przeciw" 0.99
"562" 562 232 0 0 2 232 "Za" 1
"563" 563 0 229 0 5 229 "Przeciw" 1
"564" 564 1 227 0 6 228 "Przeciw" 1
"565" 565 2 225 0 7 227 "Przeciw" 0.99
"566" 566 1 228 0 5 229 "Przeciw" 1
"567" 567 0 228 0 6 228 "Przeciw" 1
"568" 568 0 227 0 7 227 "Przeciw" 1
"569" 569 0 219 0 15 219 "Przeciw" 1
"570" 570 0 225 0 9 225 "Przeciw" 1
"571" 571 0 231 0 3 231 "Przeciw" 1
"572" 572 0 231 0 3 231 "Przeciw" 1
"573" 573 0 229 0 5 229 "Przeciw" 1
"574" 574 0 226 1 7 227 "Przeciw" 1
"575" 575 0 226 0 8 226 "Przeciw" 1
"576" 576 0 231 0 3 231 "Przeciw" 1
"577" 577 0 231 0 3 231 "Przeciw" 1
"578" 578 0 229 0 5 229 "Przeciw" 1
"579" 579 0 222 0 12 222 "Przeciw" 1
"580" 580 0 227 0 7 227 "Przeciw" 1
"581" 581 0 229 0 5 229 "Przeciw" 1
"582" 582 0 228 0 6 228 "Przeciw" 1
"583" 583 0 230 0 4 230 "Przeciw" 1
"584" 584 0 230 0 4 230 "Przeciw" 1
"585" 585 0 229 0 5 229 "Przeciw" 1
"586" 586 1 224 0 9 225 "Przeciw" 1
"587" 587 0 224 0 10 224 "Przeciw" 1
"588" 588 0 230 0 4 230 "Przeciw" 1
"589" 589 0 228 0 6 228 "Przeciw" 1
"590" 590 0 232 0 2 232 "Przeciw" 1
"591" 591 0 232 0 2 232 "Przeciw" 1
"592" 592 0 231 0 3 231 "Przeciw" 1
"593" 593 0 230 0 4 230 "Przeciw" 1
"594" 594 0 231 0 3 231 "Przeciw" 1
"595" 595 0 230 0 4 230 "Przeciw" 1
"596" 596 0 227 1 6 228 "Przeciw" 1
"597" 597 0 230 0 4 230 "Przeciw" 1
"598" 598 0 228 0 6 228 "Przeciw" 1
"599" 599 0 223 0 11 223 "Przeciw" 1
"600" 600 0 232 0 2 232 "Przeciw" 1
"601" 601 0 230 0 4 230 "Przeciw" 1
"602" 602 0 228 0 6 228 "Przeciw" 1
"603" 603 0 228 0 6 228 "Przeciw" 1
"604" 604 1 231 0 2 232 "Przeciw" 1
"605" 605 1 230 0 3 231 "Przeciw" 1
"606" 606 0 231 0 3 231 "Przeciw" 1
"607" 607 0 227 0 7 227 "Przeciw" 1
"608" 608 0 230 0 4 230 "Przeciw" 1
"609" 609 0 228 0 6 228 "Przeciw" 1
"610" 610 1 223 0 10 224 "Przeciw" 1
"611" 611 0 229 0 5 229 "Przeciw" 1
"612" 612 0 228 0 6 228 "Przeciw" 1
"613" 613 1 231 0 2 232 "Przeciw" 1
"614" 614 0 231 0 3 231 "Przeciw" 1
"615" 615 0 231 0 3 231 "Przeciw" 1
"616" 616 0 232 0 2 232 "Przeciw" 1
"617" 617 0 232 0 2 232 "Przeciw" 1
"618" 618 0 226 0 8 226 "Przeciw" 1
"619" 619 0 230 0 4 230 "Przeciw" 1
"620" 620 0 231 0 3 231 "Przeciw" 1
"621" 621 0 232 0 2 232 "Przeciw" 1
"622" 622 0 229 1 4 230 "Przeciw" 1
"623" 623 0 230 0 4 230 "Przeciw" 1
"624" 624 0 231 0 3 231 "Przeciw" 1
"625" 625 1 229 0 4 230 "Przeciw" 1
"626" 626 0 232 0 2 232 "Przeciw" 1
"627" 627 0 231 0 3 231 "Przeciw" 1
"628" 628 0 232 0 2 232 "Przeciw" 1
"629" 629 0 233 0 1 233 "Przeciw" 1
"630" 630 1 229 0 4 230 "Przeciw" 1
"631" 631 0 232 0 2 232 "Przeciw" 1
"632" 632 0 232 0 2 232 "Przeciw" 1
"633" 633 0 231 0 3 231 "Przeciw" 1
"634" 634 0 229 1 4 230 "Przeciw" 1
"635" 635 0 230 0 4 230 "Przeciw" 1
"636" 636 0 232 0 2 232 "Przeciw" 1
"637" 637 0 229 0 5 229 "Przeciw" 1
"638" 638 0 231 0 3 231 "Przeciw" 1
"639" 639 0 231 0 3 231 "Przeciw" 1
"640" 640 0 233 0 1 233 "Przeciw" 1
"641" 641 1 232 0 1 233 "Przeciw" 1
"642" 642 0 233 0 1 233 "Przeciw" 1
"643" 643 0 232 0 2 232 "Przeciw" 1
"644" 644 0 229 0 5 229 "Przeciw" 1
"645" 645 1 232 0 1 233 "Przeciw" 1
"646" 646 0 233 0 1 233 "Przeciw" 1
"647" 647 0 231 0 3 231 "Przeciw" 1
"648" 648 0 232 0 2 232 "Przeciw" 1
"649" 649 0 233 0 1 233 "Przeciw" 1
"650" 650 0 232 0 2 232 "Przeciw" 1
"651" 651 0 233 0 1 233 "Przeciw" 1
"652" 652 0 231 0 3 231 "Przeciw" 1
"653" 653 0 233 0 1 233 "Przeciw" 1
"654" 654 0 225 0 9 225 "Przeciw" 1
"655" 655 0 211 0 23 211 "Przeciw" 1
"656" 656 233 0 0 1 233 "Za" 1
"657" 657 232 1 0 1 233 "Za" 1
"658" 658 0 231 0 3 231 "Przeciw" 1
"659" 659 0 232 0 2 232 "Przeciw" 1
"660" 660 0 232 0 2 232 "Przeciw" 1
"661" 661 232 1 0 1 233 "Za" 1
"662" 662 224 7 0 3 231 "Za" 0.97
"663" 663 0 229 0 5 229 "Przeciw" 1
"664" 664 0 232 0 2 232 "Przeciw" 1
"665" 665 0 228 0 6 228 "Przeciw" 1
"666" 666 233 0 0 1 233 "Za" 1
"667" 667 1 230 0 3 231 "Przeciw" 1
"668" 668 0 233 0 1 233 "Przeciw" 1
"669" 669 0 231 0 3 231 "Przeciw" 1
"670" 670 0 230 0 4 230 "Przeciw" 1
"671" 671 0 231 0 3 231 "Przeciw" 1
"672" 672 0 232 0 2 232 "Przeciw" 1
"673" 673 0 232 0 2 232 "Przeciw" 1
"674" 674 0 231 0 3 231 "Przeciw" 1
"675" 675 0 230 1 3 231 "Przeciw" 1
"676" 676 0 232 0 2 232 "Przeciw" 1
"677" 677 0 230 0 4 230 "Przeciw" 1
"678" 678 0 232 0 2 232 "Przeciw" 1
"679" 679 0 231 0 3 231 "Przeciw" 1
"680" 680 0 233 0 1 233 "Przeciw" 1
"681" 681 0 232 0 2 232 "Przeciw" 1
"682" 682 0 231 0 3 231 "Przeciw" 1
"683" 683 0 233 0 1 233 "Przeciw" 1
"684" 684 0 229 0 5 229 "Przeciw" 1
"685" 685 0 232 0 2 232 "Przeciw" 1
"686" 686 0 231 0 3 231 "Przeciw" 1
"687" 687 0 229 0 5 229 "Przeciw" 1
"688" 688 0 232 0 2 232 "Przeciw" 1
"689" 689 0 233 0 1 233 "Przeciw" 1
"690" 690 0 233 0 1 233 "Przeciw" 1
"691" 691 0 233 0 1 233 "Przeciw" 1
"692" 692 0 233 0 1 233 "Przeciw" 1
"693" 693 0 233 0 1 233 "Przeciw" 1
"694" 694 0 227 0 7 227 "Przeciw" 1
"695" 695 0 226 0 8 226 "Przeciw" 1
"696" 696 0 232 0 2 232 "Przeciw" 1
"697" 697 0 231 0 3 231 "Przeciw" 1
"698" 698 0 230 0 4 230 "Przeciw" 1
"699" 699 0 232 0 2 232 "Przeciw" 1
"700" 700 0 233 0 1 233 "Przeciw" 1
"701" 701 0 232 0 2 232 "Przeciw" 1
"702" 702 0 231 0 3 231 "Przeciw" 1
"703" 703 0 227 0 7 227 "Przeciw" 1
"704" 704 0 227 0 7 227 "Przeciw" 1
"705" 705 0 232 0 2 232 "Przeciw" 1
"706" 706 0 230 0 4 230 "Przeciw" 1
"707" 707 0 232 0 2 232 "Przeciw" 1
"708" 708 0 230 0 4 230 "Przeciw" 1
"709" 709 1 232 0 1 233 "Przeciw" 1
"710" 710 0 230 0 4 230 "Przeciw" 1
"711" 711 0 232 0 2 232 "Przeciw" 1
"712" 712 0 232 0 2 232 "Przeciw" 1
"713" 713 0 233 0 1 233 "Przeciw" 1
"714" 714 0 232 0 2 232 "Przeciw" 1
"715" 715 0 232 0 2 232 "Przeciw" 1
"716" 716 212 0 0 22 212 "Za" 1
"717" 717 0 215 0 19 215 "Przeciw" 1
"718" 718 218 0 0 16 218 "Za" 1
"719" 719 215 1 0 18 216 "Za" 1
"720" 720 1 213 1 19 215 "Przeciw" 0.99
"721" 721 2 210 1 21 213 "Przeciw" 0.99
"722" 722 221 0 0 13 221 "Za" 1
"723" 723 0 218 0 16 218 "Przeciw" 1
"724" 724 219 0 0 15 219 "Za" 1
"725" 725 0 220 1 13 221 "Przeciw" 1
"726" 726 226 0 0 8 226 "Za" 1
"727" 727 224 0 0 10 224 "Za" 1
"728" 728 2 224 0 8 226 "Przeciw" 0.99
"729" 729 222 4 0 8 226 "Za" 0.98
"730" 730 224 0 0 10 224 "Za" 1
"731" 731 0 225 0 9 225 "Przeciw" 1
"732" 732 227 0 0 7 227 "Za" 1
"733" 733 0 226 0 8 226 "Przeciw" 1
"734" 734 1 209 0 24 210 "Przeciw" 1
"735" 735 0 226 0 8 226 "Przeciw" 1
"736" 736 226 0 0 8 226 "Za" 1
"737" 737 0 219 0 15 219 "Przeciw" 1
"738" 738 0 220 0 14 220 "Przeciw" 1
"739" 739 0 227 0 7 227 "Przeciw" 1
"740" 740 0 223 0 11 223 "Przeciw" 1
"741" 741 0 224 0 10 224 "Przeciw" 1
"742" 742 1 222 0 11 223 "Przeciw" 1
"743" 743 0 226 0 8 226 "Przeciw" 1
"744" 744 0 225 0 9 225 "Przeciw" 1
"745" 745 0 226 0 8 226 "Przeciw" 1
"746" 746 0 226 0 8 226 "Przeciw" 1
"747" 747 0 227 0 7 227 "Przeciw" 1
"748" 748 0 225 0 9 225 "Przeciw" 1
"749" 749 0 226 0 8 226 "Przeciw" 1
"750" 750 0 226 0 8 226 "Przeciw" 1
"751" 751 226 0 0 8 226 "Za" 1
"752" 752 227 0 0 7 227 "Za" 1
"753" 753 227 0 0 7 227 "Za" 1
"754" 754 0 227 0 7 227 "Przeciw" 1
"755" 755 229 0 0 5 229 "Za" 1
"756" 756 228 0 0 6 228 "Za" 1
"757" 757 228 0 0 6 228 "Za" 1
"758" 758 227 0 0 7 227 "Za" 1
"759" 759 0 224 0 10 224 "Przeciw" 1
"760" 760 0 224 0 10 224 "Przeciw" 1
"761" 761 0 218 0 16 218 "Przeciw" 1
"762" 762 0 225 0 9 225 "Przeciw" 1
"763" 763 0 222 0 12 222 "Przeciw" 1
"764" 764 0 225 0 9 225 "Przeciw" 1
"765" 765 0 225 0 9 225 "Przeciw" 1
"766" 766 1 226 0 7 227 "Przeciw" 1
"767" 767 0 224 0 10 224 "Przeciw" 1
"768" 768 0 221 0 13 221 "Przeciw" 1
"769" 769 0 228 0 6 228 "Przeciw" 1
"770" 770 0 228 0 6 228 "Przeciw" 1
"771" 771 0 222 0 12 222 "Przeciw" 1
"772" 772 0 227 0 7 227 "Przeciw" 1
"773" 773 0 227 0 7 227 "Przeciw" 1
"774" 774 0 227 0 7 227 "Przeciw" 1
"775" 775 0 228 0 6 228 "Przeciw" 1
"776" 776 0 224 0 10 224 "Przeciw" 1
"777" 777 0 227 0 7 227 "Przeciw" 1
"778" 778 0 227 0 7 227 "Przeciw" 1
"779" 779 0 228 0 6 228 "Przeciw" 1
"780" 780 0 228 0 6 228 "Przeciw" 1
"781" 781 0 228 0 6 228 "Przeciw" 1
"782" 782 0 227 0 7 227 "Przeciw" 1
"783" 783 0 227 0 7 227 "Przeciw" 1
"784" 784 0 228 0 6 228 "Przeciw" 1
"785" 785 0 228 0 6 228 "Przeciw" 1
"786" 786 0 229 0 5 229 "Przeciw" 1
"787" 787 228 0 0 6 228 "Za" 1
"788" 788 226 2 0 6 228 "Za" 0.99
"789" 789 229 0 0 5 229 "Za" 1
"790" 790 228 0 0 6 228 "Za" 1
"791" 791 227 0 0 7 227 "Za" 1
"792" 792 227 0 0 7 227 "Za" 1
"793" 793 213 0 0 21 213 "Za" 1
"794" 794 219 1 0 14 220 "Za" 1
"795" 795 224 0 0 10 224 "Za" 1
"796" 796 225 0 0 9 225 "Za" 1
"797" 797 223 0 0 11 223 "Za" 1
"798" 798 224 0 0 10 224 "Za" 1
"799" 799 1 222 0 11 223 "Przeciw" 1
"800" 800 225 0 0 9 225 "Za" 1
"801" 801 227 0 0 7 227 "Za" 1
"802" 802 226 1 0 7 227 "Za" 1
"803" 803 225 2 0 7 227 "Za" 0.99
"804" 804 227 0 0 7 227 "Za" 1
"805" 805 1 226 0 7 227 "Przeciw" 1
"806" 806 0 227 0 7 227 "Przeciw" 1
"807" 807 0 227 0 7 227 "Przeciw" 1
"808" 808 0 226 0 8 226 "Przeciw" 1
"809" 809 0 227 0 7 227 "Przeciw" 1
"810" 810 0 227 0 7 227 "Przeciw" 1
"811" 811 1 225 0 8 226 "Przeciw" 1
"812" 812 0 225 0 9 225 "Przeciw" 1
"813" 813 0 226 0 8 226 "Przeciw" 1
"814" 814 224 3 0 7 227 "Za" 0.99
"815" 815 3 220 0 11 223 "Przeciw" 0.99
"816" 816 0 227 0 7 227 "Przeciw" 1
"817" 817 0 227 0 7 227 "Przeciw" 1
"818" 818 0 224 0 10 224 "Przeciw" 1
"819" 819 0 227 0 7 227 "Przeciw" 1
"820" 820 2 223 0 9 225 "Przeciw" 0.99
"821" 821 0 227 0 7 227 "Przeciw" 1
"822" 822 2 223 0 9 225 "Przeciw" 0.99
"823" 823 0 225 0 9 225 "Przeciw" 1
"824" 824 1 227 0 6 228 "Przeciw" 1
"825" 825 1 226 0 7 227 "Przeciw" 1
"826" 826 1 226 0 7 227 "Przeciw" 1
"827" 827 227 0 0 7 227 "Za" 1
"828" 828 227 0 0 7 227 "Za" 1
"829" 829 227 1 0 6 228 "Za" 1
"830" 830 227 0 0 7 227 "Za" 1
"831" 831 224 1 0 9 225 "Za" 1
"832" 832 228 0 0 6 228 "Za" 1
"833" 833 0 227 0 7 227 "Przeciw" 1
"834" 834 0 227 0 7 227 "Przeciw" 1
"835" 835 228 0 0 6 228 "Za" 1
"836" 836 215 0 0 19 215 "Za" 1
"837" 837 226 0 0 8 226 "Za" 1
"838" 838 0 224 0 10 224 "Przeciw" 1
"839" 839 225 0 1 8 226 "Za" 1
"840" 840 0 224 1 9 225 "Przeciw" 1
"841" 841 0 228 0 6 228 "Przeciw" 1
"842" 842 227 1 0 6 228 "Za" 1
"843" 843 0 224 0 10 224 "Przeciw" 1
"844" 844 3 222 0 9 225 "Przeciw" 0.99
"845" 845 228 1 0 5 229 "Za" 1
"846" 846 229 0 0 5 229 "Za" 1
"847" 847 0 227 0 7 227 "Przeciw" 1
"848" 848 0 222 0 12 222 "Przeciw" 1
"849" 849 1 226 0 7 227 "Przeciw" 1
"850" 850 0 227 0 7 227 "Przeciw" 1
"851" 851 0 227 0 7 227 "Przeciw" 1
"852" 852 225 1 0 8 226 "Za" 1
"853" 853 0 225 0 9 225 "Przeciw" 1
"854" 854 0 225 0 9 225 "Przeciw" 1
"855" 855 0 227 0 7 227 "Przeciw" 1
"856" 856 227 2 0 5 229 "Za" 0.99
"857" 857 0 229 0 5 229 "Przeciw" 1
"858" 858 0 228 0 6 228 "Przeciw" 1
"859" 859 0 228 0 6 228 "Przeciw" 1
"860" 860 1 227 0 6 228 "Przeciw" 1
"861" 861 0 228 0 6 228 "Przeciw" 1
"862" 862 0 226 0 8 226 "Przeciw" 1
"863" 863 229 0 0 5 229 "Za" 1
"864" 864 228 0 0 6 228 "Za" 1
"865" 865 222 3 0 9 225 "Za" 0.99
"866" 866 0 228 0 6 228 "Przeciw" 1
"867" 867 0 227 0 7 227 "Przeciw" 1
"868" 868 229 0 0 5 229 "Za" 1
"869" 869 0 227 1 6 228 "Przeciw" 1
"870" 870 0 227 0 7 227 "Przeciw" 1
"871" 871 0 229 0 5 229 "Przeciw" 1
"872" 872 0 228 1 5 229 "Przeciw" 1
"873" 873 0 228 1 5 229 "Przeciw" 1
"874" 874 229 0 0 5 229 "Za" 1
"875" 875 0 224 0 10 224 "Przeciw" 1
"876" 876 227 1 0 6 228 "Za" 1
"877" 877 1 227 0 6 228 "Przeciw" 1
"878" 878 2 226 0 6 228 "Przeciw" 0.99
"879" 879 227 1 0 6 228 "Za" 1
"880" 880 227 1 0 6 228 "Za" 1
"881" 881 225 3 0 6 228 "Za" 0.99
"882" 882 0 228 0 6 228 "Przeciw" 1
"883" 883 0 226 0 8 226 "Przeciw" 1
"884" 884 0 224 0 10 224 "Przeciw" 1
"885" 885 208 0 0 26 208 "Za" 1
"886" 886 0 229 0 5 229 "Przeciw" 1
"887" 887 228 0 0 6 228 "Za" 1
"888" 888 227 0 0 7 227 "Za" 1
"889" 889 0 231 0 3 231 "Przeciw" 1
"890" 890 0 231 0 3 231 "Przeciw" 1
"891" 891 228 0 0 6 228 "Za" 1
"892" 892 231 0 0 3 231 "Za" 1
"893" 893 0 225 0 9 225 "Przeciw" 1
"894" 894 0 231 0 3 231 "Przeciw" 1
"895" 895 228 0 0 6 228 "Za" 1
"896" 896 229 0 0 5 229 "Za" 1
"897" 897 231 0 0 3 231 "Za" 1
"898" 898 227 4 0 3 231 "Za" 0.98
"899" 899 0 231 0 3 231 "Przeciw" 1
"900" 900 1 229 0 4 230 "Przeciw" 1
"901" 901 0 231 0 3 231 "Przeciw" 1
"902" 902 231 0 0 3 231 "Za" 1
"903" 903 2 226 0 6 228 "Przeciw" 0.99
"904" 904 229 2 0 3 231 "Za" 0.99
"905" 905 0 225 0 9 225 "Przeciw" 1
"906" 906 0 230 0 4 230 "Przeciw" 1
"907" 907 0 228 0 6 228 "Przeciw" 1
"908" 908 0 228 0 6 228 "Przeciw" 1
"909" 909 0 229 0 5 229 "Przeciw" 1
"910" 910 0 229 0 5 229 "Przeciw" 1
"911" 911 0 230 0 4 230 "Przeciw" 1
"912" 912 0 225 0 9 225 "Przeciw" 1
"913" 913 0 226 0 8 226 "Przeciw" 1
"914" 914 0 226 0 8 226 "Przeciw" 1
"915" 915 0 228 0 6 228 "Przeciw" 1
"916" 916 0 223 0 11 223 "Przeciw" 1
"917" 917 0 229 0 5 229 "Przeciw" 1
"918" 918 0 228 0 6 228 "Przeciw" 1
"919" 919 0 223 0 11 223 "Przeciw" 1
"920" 920 0 223 0 11 223 "Przeciw" 1
"921" 921 0 220 0 14 220 "Przeciw" 1
"922" 922 0 224 0 10 224 "Przeciw" 1
"923" 923 0 230 0 4 230 "Przeciw" 1
"924" 924 0 229 0 5 229 "Przeciw" 1
"925" 925 0 228 0 6 228 "Przeciw" 1
"926" 926 0 228 0 6 228 "Przeciw" 1
"927" 927 0 230 0 4 230 "Przeciw" 1
"928" 928 0 225 0 9 225 "Przeciw" 1
"929" 929 0 227 0 7 227 "Przeciw" 1
"930" 930 0 227 0 7 227 "Przeciw" 1
"931" 931 0 226 0 8 226 "Przeciw" 1
"932" 932 0 229 0 5 229 "Przeciw" 1
"933" 933 1 228 0 5 229 "Przeciw" 1
"934" 934 0 224 0 10 224 "Przeciw" 1
"935" 935 0 219 0 15 219 "Przeciw" 1
"936" 936 0 217 0 17 217 "Przeciw" 1
"937" 937 0 217 0 17 217 "Przeciw" 1
"938" 938 0 202 0 32 202 "Przeciw" 1
"939" 939 0 166 0 68 166 "Przeciw" 1
"940" 940 0 223 0 11 223 "Przeciw" 1
"941" 941 0 225 0 9 225 "Przeciw" 1
"942" 942 0 228 0 6 228 "Przeciw" 1
"943" 943 0 230 0 4 230 "Przeciw" 1
"944" 944 0 230 0 4 230 "Przeciw" 1
"945" 945 0 226 0 8 226 "Przeciw" 1
"946" 946 0 228 0 6 228 "Przeciw" 1
"947" 947 0 229 0 5 229 "Przeciw" 1
"948" 948 0 230 0 4 230 "Przeciw" 1
"949" 949 0 227 1 6 228 "Przeciw" 1
"950" 950 0 232 0 2 232 "Przeciw" 1
"951" 951 0 231 0 3 231 "Przeciw" 1
"952" 952 0 232 0 2 232 "Przeciw" 1
"953" 953 1 231 0 2 232 "Przeciw" 1
"954" 954 0 227 0 7 227 "Przeciw" 1
"955" 955 3 226 0 5 229 "Przeciw" 0.99
"956" 956 230 1 0 3 231 "Za" 1
"957" 957 231 1 0 2 232 "Za" 1
"958" 958 0 230 0 4 230 "Przeciw" 1
"959" 959 0 230 0 4 230 "Przeciw" 1
"960" 960 0 228 0 6 228 "Przeciw" 1
"961" 961 0 225 0 9 225 "Przeciw" 1
"962" 962 1 222 0 11 223 "Przeciw" 1
"963" 963 4 223 0 7 227 "Przeciw" 0.98
"964" 964 229 0 0 5 229 "Za" 1
"965" 965 220 2 0 12 222 "Za" 0.99
"966" 966 230 1 0 3 231 "Za" 1
"967" 967 0 229 0 5 229 "Przeciw" 1
"968" 968 0 232 0 2 232 "Przeciw" 1
"969" 969 226 0 0 8 226 "Za" 1
"970" 970 228 0 1 5 229 "Za" 1
"971" 971 231 0 1 2 232 "Za" 1
"972" 972 0 225 0 9 225 "Przeciw" 1
"973" 973 0 224 0 10 224 "Przeciw" 1
"974" 974 0 230 0 4 230 "Przeciw" 1
"975" 975 232 0 0 2 232 "Za" 1
"976" 976 2 228 0 4 230 "Przeciw" 0.99
"977" 977 226 4 0 4 230 "Za" 0.98
"978" 978 1 228 0 5 229 "Przeciw" 1
"979" 979 229 2 0 3 231 "Za" 0.99
"980" 980 0 231 0 3 231 "Przeciw" 1
"981" 981 0 232 0 2 232 "Przeciw" 1
"982" 982 0 232 0 2 232 "Przeciw" 1
"983" 983 0 231 0 3 231 "Przeciw" 1
"984" 984 0 232 0 2 232 "Przeciw" 1
"985" 985 0 227 0 7 227 "Przeciw" 1
"986" 986 229 2 0 3 231 "Za" 0.99
"987" 987 3 227 0 4 230 "Przeciw" 0.99
"988" 988 228 2 0 4 230 "Za" 0.99
"989" 989 227 4 0 3 231 "Za" 0.98
"990" 990 0 232 0 2 232 "Przeciw" 1
"991" 991 0 232 0 2 232 "Przeciw" 1
"992" 992 0 232 0 2 232 "Przeciw" 1
"993" 993 0 228 0 6 228 "Przeciw" 1
"994" 994 0 231 0 3 231 "Przeciw" 1
"995" 995 0 232 0 2 232 "Przeciw" 1
"996" 996 0 231 0 3 231 "Przeciw" 1
"997" 997 1 230 0 3 231 "Przeciw" 1
"998" 998 0 232 0 2 232 "Przeciw" 1
"999" 999 0 231 0 3 231 "Przeciw" 1
"1000" 1000 0 231 0 3 231 "Przeciw" 1
"1001" 1001 0 232 0 2 232 "Przeciw" 1
"1002" 1002 231 1 0 2 232 "Za" 1
"1003" 1003 231 1 0 2 232 "Za" 1
"1004" 1004 224 6 0 4 230 "Za" 0.97
"1005" 1005 0 230 0 4 230 "Przeciw" 1
"1006" 1006 0 230 0 4 230 "Przeciw" 1
"1007" 1007 0 232 0 2 232 "Przeciw" 1
"1008" 1008 0 232 0 2 232 "Przeciw" 1
"1009" 1009 0 232 0 2 232 "Przeciw" 1
"1010" 1010 0 228 0 6 228 "Przeciw" 1
"1011" 1011 0 230 0 4 230 "Przeciw" 1
"1012" 1012 0 227 0 7 227 "Przeciw" 1
"1013" 1013 228 1 0 5 229 "Za" 1
"1014" 1014 0 231 0 3 231 "Przeciw" 1
"1015" 1015 0 231 0 3 231 "Przeciw" 1
"1016" 1016 0 231 0 3 231 "Przeciw" 1
"1017" 1017 228 3 0 3 231 "Za" 0.99
"1018" 1018 0 232 0 2 232 "Przeciw" 1
"1019" 1019 0 230 0 4 230 "Przeciw" 1
"1020" 1020 232 0 0 2 232 "Za" 1
"1021" 1021 0 231 0 3 231 "Przeciw" 1
"1022" 1022 2 228 0 4 230 "Przeciw" 0.99
"1023" 1023 1 226 0 7 227 "Przeciw" 1
"1024" 1024 0 231 0 3 231 "Przeciw" 1
"1025" 1025 0 230 0 4 230 "Przeciw" 1
"1026" 1026 0 230 0 4 230 "Przeciw" 1
"1027" 1027 0 226 0 8 226 "Przeciw" 1
"1028" 1028 224 0 0 10 224 "Za" 1
"1029" 1029 0 221 0 13 221 "Przeciw" 1
"1030" 1030 223 0 0 11 223 "Za" 1
"1031" 1031 226 0 0 8 226 "Za" 1
"1032" 1032 0 226 0 8 226 "Przeciw" 1
"1033" 1033 0 225 0 9 225 "Przeciw" 1
"1034" 1034 0 224 0 10 224 "Przeciw" 1
"1035" 1035 0 222 0 12 222 "Przeciw" 1
"1036" 1036 0 225 0 9 225 "Przeciw" 1
"1037" 1037 0 213 0 21 213 "Przeciw" 1
"1038" 1038 215 5 0 14 220 "Za" 0.98
"1039" 1039 228 2 0 4 230 "Za" 0.99
"1040" 1040 208 20 1 5 229 "Za" 0.91
"1041" 1041 0 229 0 5 229 "Przeciw" 1
"1042" 1042 226 5 0 3 231 "Za" 0.98
"1043" 1043 0 231 0 3 231 "Przeciw" 1
"1044" 1044 0 230 0 4 230 "Przeciw" 1
"1045" 1045 0 229 0 5 229 "Przeciw" 1
"1046" 1046 0 228 0 6 228 "Przeciw" 1
"1047" 1047 0 224 0 10 224 "Przeciw" 1
"1048" 1048 0 230 0 4 230 "Przeciw" 1
"1049" 1049 3 224 0 7 227 "Przeciw" 0.99
"1050" 1050 0 228 0 6 228 "Przeciw" 1
"1051" 1051 0 231 0 3 231 "Przeciw" 1
"1052" 1052 0 231 0 3 231 "Przeciw" 1
"1053" 1053 0 230 0 4 230 "Przeciw" 1
"1054" 1054 0 226 0 8 226 "Przeciw" 1
"1055" 1055 229 2 0 3 231 "Za" 0.99
"1056" 1056 0 229 0 5 229 "Przeciw" 1
"1057" 1057 0 229 0 5 229 "Przeciw" 1
"1058" 1058 0 229 0 5 229 "Przeciw" 1
"1059" 1059 0 231 0 3 231 "Przeciw" 1
"1060" 1060 0 230 0 4 230 "Przeciw" 1
"1061" 1061 0 231 0 3 231 "Przeciw" 1
"1062" 1062 0 230 0 4 230 "Przeciw" 1
"1063" 1063 0 224 0 10 224 "Przeciw" 1
"1064" 1064 0 228 0 6 228 "Przeciw" 1
"1065" 1065 2 225 0 7 227 "Przeciw" 0.99
"1066" 1066 0 227 0 7 227 "Przeciw" 1
"1067" 1067 5 223 0 6 228 "Przeciw" 0.98
"1068" 1068 229 0 0 5 229 "Za" 1
"1069" 1069 226 0 2 6 228 "Za" 0.99
"1070" 1070 223 2 2 7 227 "Za" 0.98
"1071" 1071 227 2 0 5 229 "Za" 0.99
"1072" 1072 226 0 0 8 226 "Za" 1
"1073" 1073 226 3 0 5 229 "Za" 0.99
"1074" 1074 1 229 0 4 230 "Przeciw" 1
"1075" 1075 231 0 0 3 231 "Za" 1
"1076" 1076 0 226 0 8 226 "Przeciw" 1
"1077" 1077 0 227 0 7 227 "Przeciw" 1
"1078" 1078 4 220 1 9 225 "Przeciw" 0.98
"1079" 1079 0 229 0 5 229 "Przeciw" 1
"1080" 1080 0 227 0 7 227 "Przeciw" 1
"1081" 1081 0 227 0 7 227 "Przeciw" 1
"1082" 1082 0 230 0 4 230 "Przeciw" 1
"1083" 1083 0 225 0 9 225 "Przeciw" 1
"1084" 1084 227 1 0 6 228 "Za" 1
"1085" 1085 227 0 0 7 227 "Za" 1
"1086" 1086 0 228 0 6 228 "Przeciw" 1
"1087" 1087 228 0 0 6 228 "Za" 1
"1088" 1088 225 0 0 9 225 "Za" 1
"1089" 1089 222 0 0 12 222 "Za" 1
"1090" 1090 0 227 0 7 227 "Przeciw" 1
"1091" 1091 0 229 0 5 229 "Przeciw" 1
"1092" 1092 1 229 0 4 230 "Przeciw" 1
"1093" 1093 228 0 0 6 228 "Za" 1
"1094" 1094 228 0 0 6 228 "Za" 1
"1095" 1095 228 0 0 6 228 "Za" 1
"1096" 1096 230 0 0 4 230 "Za" 1
"1097" 1097 0 229 0 5 229 "Przeciw" 1
"1098" 1098 0 228 0 6 228 "Przeciw" 1
"1099" 1099 0 227 0 7 227 "Przeciw" 1
"1100" 1100 0 230 0 4 230 "Przeciw" 1
"1101" 1101 0 228 0 6 228 "Przeciw" 1
"1102" 1102 0 230 0 4 230 "Przeciw" 1
"1103" 1103 0 229 0 5 229 "Przeciw" 1
"1104" 1104 0 228 0 6 228 "Przeciw" 1
"1105" 1105 0 229 0 5 229 "Przeciw" 1
"1106" 1106 0 229 0 5 229 "Przeciw" 1
"1107" 1107 1 228 0 5 229 "Przeciw" 1
"1108" 1108 0 230 0 4 230 "Przeciw" 1
"1109" 1109 0 229 0 5 229 "Przeciw" 1
"1110" 1110 1 225 0 8 226 "Przeciw" 1
"1111" 1111 230 0 0 4 230 "Za" 1
"1112" 1112 222 5 0 7 227 "Za" 0.98
"1113" 1113 0 226 0 8 226 "Przeciw" 1
"1114" 1114 0 228 0 6 228 "Przeciw" 1
"1115" 1115 0 229 0 5 229 "Przeciw" 1
"1116" 1116 0 224 0 10 224 "Przeciw" 1
"1117" 1117 2 222 0 10 224 "Przeciw" 0.99
"1118" 1118 214 11 0 9 225 "Za" 0.95
"1119" 1119 0 230 0 4 230 "Przeciw" 1
"1120" 1120 0 228 0 6 228 "Przeciw" 1
"1121" 1121 1 229 0 4 230 "Przeciw" 1
"1122" 1122 3 227 0 4 230 "Przeciw" 0.99
"1123" 1123 0 230 0 4 230 "Przeciw" 1
"1124" 1124 1 230 0 3 231 "Przeciw" 1
"1125" 1125 230 0 0 4 230 "Za" 1
"1126" 1126 0 225 0 9 225 "Przeciw" 1
"1127" 1127 229 0 0 5 229 "Za" 1
"1128" 1128 0 229 0 5 229 "Przeciw" 1
"1129" 1129 0 227 1 6 228 "Przeciw" 1
"1130" 1130 0 230 0 4 230 "Przeciw" 1
"1131" 1131 0 229 0 5 229 "Przeciw" 1
"1132" 1132 0 227 0 7 227 "Przeciw" 1
"1133" 1133 228 0 1 5 229 "Za" 1
"1134" 1134 0 228 0 6 228 "Przeciw" 1
"1135" 1135 231 0 0 3 231 "Za" 1
"1136" 1136 229 0 0 5 229 "Za" 1
"1137" 1137 221 4 0 9 225 "Za" 0.98
"1138" 1138 0 228 0 6 228 "Przeciw" 1
"1139" 1139 0 223 0 11 223 "Przeciw" 1
"1140" 1140 0 224 0 10 224 "Przeciw" 1
"1141" 1141 0 228 0 6 228 "Przeciw" 1
"1142" 1142 0 227 0 7 227 "Przeciw" 1
"1143" 1143 227 1 0 6 228 "Za" 1
"1144" 1144 0 228 0 6 228 "Przeciw" 1
"1145" 1145 0 226 0 8 226 "Przeciw" 1
"1146" 1146 0 226 0 8 226 "Przeciw" 1
"1147" 1147 0 226 0 8 226 "Przeciw" 1
"1148" 1148 0 225 0 9 225 "Przeciw" 1
"1149" 1149 0 221 0 13 221 "Przeciw" 1
"1150" 1150 0 228 0 6 228 "Przeciw" 1
"1151" 1151 0 223 0 11 223 "Przeciw" 1
"1152" 1152 221 7 0 6 228 "Za" 0.97
"1153" 1153 0 228 0 6 228 "Przeciw" 1
"1154" 1154 224 4 0 6 228 "Za" 0.98
"1155" 1155 0 225 0 9 225 "Przeciw" 1
"1156" 1156 0 227 0 7 227 "Przeciw" 1
"1157" 1157 0 226 0 8 226 "Przeciw" 1
"1158" 1158 0 227 0 7 227 "Przeciw" 1
"1159" 1159 1 223 0 10 224 "Przeciw" 1
"1160" 1160 0 226 0 8 226 "Przeciw" 1
"1161" 1161 0 228 0 6 228 "Przeciw" 1
"1162" 1162 0 228 0 6 228 "Przeciw" 1
"1163" 1163 0 229 0 5 229 "Przeciw" 1
"1164" 1164 0 227 0 7 227 "Przeciw" 1
"1165" 1165 0 228 0 6 228 "Przeciw" 1
"1166" 1166 0 228 0 6 228 "Przeciw" 1
"1167" 1167 0 226 0 8 226 "Przeciw" 1
"1168" 1168 0 229 0 5 229 "Przeciw" 1
"1169" 1169 229 0 0 5 229 "Za" 1
"1170" 1170 0 227 0 7 227 "Przeciw" 1
"1171" 1171 1 227 0 6 228 "Przeciw" 1
"1172" 1172 0 228 0 6 228 "Przeciw" 1
"1173" 1173 0 228 0 6 228 "Przeciw" 1
"1174" 1174 0 226 0 8 226 "Przeciw" 1
"1175" 1175 0 229 0 5 229 "Przeciw" 1
"1176" 1176 0 227 0 7 227 "Przeciw" 1
"1177" 1177 0 217 0 17 217 "Przeciw" 1
"1178" 1178 2 223 0 9 225 "Przeciw" 0.99
"1179" 1179 1 225 0 8 226 "Przeciw" 1
"1180" 1180 1 226 0 7 227 "Przeciw" 1
"1181" 1181 0 224 0 10 224 "Przeciw" 1
"1182" 1182 0 228 0 6 228 "Przeciw" 1
"1183" 1183 0 227 0 7 227 "Przeciw" 1
"1184" 1184 0 227 0 7 227 "Przeciw" 1
"1185" 1185 0 227 0 7 227 "Przeciw" 1
"1186" 1186 1 228 0 5 229 "Przeciw" 1
"1187" 1187 227 1 0 6 228 "Za" 1
"1188" 1188 1 225 0 8 226 "Przeciw" 1
"1189" 1189 228 0 0 6 228 "Za" 1
"1190" 1190 0 228 0 6 228 "Przeciw" 1
"1191" 1191 228 1 0 5 229 "Za" 1
"1192" 1192 1 226 0 7 227 "Przeciw" 1
"1193" 1193 0 226 0 8 226 "Przeciw" 1
"1194" 1194 0 225 0 9 225 "Przeciw" 1
"1195" 1195 0 224 0 10 224 "Przeciw" 1
"1196" 1196 0 226 0 8 226 "Przeciw" 1
"1197" 1197 0 227 0 7 227 "Przeciw" 1
"1198" 1198 0 227 0 7 227 "Przeciw" 1
"1199" 1199 0 226 0 8 226 "Przeciw" 1
"1200" 1200 2 226 0 6 228 "Przeciw" 0.99
"1201" 1201 0 227 0 7 227 "Przeciw" 1
"1202" 1202 0 228 0 6 228 "Przeciw" 1
"1203" 1203 0 227 0 7 227 "Przeciw" 1
"1204" 1204 229 0 0 5 229 "Za" 1
"1205" 1205 1 224 0 9 225 "Przeciw" 1
"1206" 1206 223 0 0 11 223 "Za" 1
"1207" 1207 225 2 0 7 227 "Za" 0.99
"1208" 1208 1 223 1 9 225 "Przeciw" 0.99
"1209" 1209 219 0 0 15 219 "Za" 1
"1210" 1210 219 2 0 13 221 "Za" 0.99
"1211" 1211 0 230 0 4 230 "Przeciw" 1
"1212" 1212 0 230 0 4 230 "Przeciw" 1
"1213" 1213 0 229 0 5 229 "Przeciw" 1
"1214" 1214 226 0 0 8 226 "Za" 1
"1215" 1215 230 0 0 4 230 "Za" 1
"1216" 1216 0 230 0 4 230 "Przeciw" 1
"1217" 1217 0 230 0 4 230 "Przeciw" 1
"1218" 1218 0 226 0 8 226 "Przeciw" 1
"1219" 1219 222 0 0 11 222 "Za" 1
"1220" 1220 221 0 0 12 221 "Za" 1
"1221" 1221 216 2 0 15 218 "Za" 0.99
"1222" 1222 222 2 0 9 224 "Za" 0.99
"1223" 1223 0 223 0 10 223 "Przeciw" 1
"1224" 1224 223 1 0 9 224 "Za" 1
"1225" 1225 222 2 0 9 224 "Za" 0.99
"1226" 1226 0 223 0 10 223 "Przeciw" 1
"1227" 1227 224 0 0 9 224 "Za" 1
"1228" 1228 0 223 0 10 223 "Przeciw" 1
"1229" 1229 0 223 0 10 223 "Przeciw" 1
"1230" 1230 0 221 0 12 221 "Przeciw" 1
"1231" 1231 0 222 0 11 222 "Przeciw" 1
"1232" 1232 0 221 0 12 221 "Przeciw" 1
"1233" 1233 0 223 0 10 223 "Przeciw" 1
"1234" 1234 0 220 0 13 220 "Przeciw" 1
"1235" 1235 2 222 0 9 224 "Przeciw" 0.99
"1236" 1236 223 1 0 9 224 "Za" 1
"1237" 1237 0 224 0 9 224 "Przeciw" 1
"1238" 1238 0 222 0 11 222 "Przeciw" 1
"1239" 1239 4 216 1 12 221 "Przeciw" 0.98
"1240" 1240 223 0 0 10 223 "Za" 1
"1241" 1241 218 0 0 15 218 "Za" 1
"1242" 1242 215 4 0 14 219 "Za" 0.98
"1243" 1243 0 10 216 7 226 "Wstrzyma³ siê" 0.96
"1244" 1244 225 1 0 7 226 "Za" 1
"1245" 1245 0 218 0 15 218 "Przeciw" 1
"1246" 1246 219 3 0 11 222 "Za" 0.99
"1247" 1247 0 223 0 10 223 "Przeciw" 1
"1248" 1248 0 225 0 8 225 "Przeciw" 1
"1249" 1249 0 224 0 9 224 "Przeciw" 1
"1250" 1250 0 225 0 8 225 "Przeciw" 1
"1251" 1251 0 225 0 8 225 "Przeciw" 1
"1252" 1252 0 226 0 7 226 "Przeciw" 1
"1253" 1253 0 225 0 8 225 "Przeciw" 1
"1254" 1254 0 226 0 7 226 "Przeciw" 1
"1255" 1255 0 222 0 11 222 "Przeciw" 1
"1256" 1256 0 223 0 10 223 "Przeciw" 1
"1257" 1257 0 224 0 9 224 "Przeciw" 1
"1258" 1258 1 223 0 9 224 "Przeciw" 1
"1259" 1259 1 220 0 12 221 "Przeciw" 1
"1260" 1260 0 223 0 10 223 "Przeciw" 1
"1261" 1261 220 2 0 11 222 "Za" 0.99
"1262" 1262 0 226 0 7 226 "Przeciw" 1
"1263" 1263 0 224 0 9 224 "Przeciw" 1
"1264" 1264 1 222 0 10 223 "Przeciw" 1
"1265" 1265 223 0 0 10 223 "Za" 1
"1266" 1266 0 221 0 12 221 "Przeciw" 1
"1267" 1267 0 219 0 14 219 "Przeciw" 1
"1268" 1268 0 222 0 11 222 "Przeciw" 1
"1269" 1269 0 221 0 12 221 "Przeciw" 1
"1270" 1270 0 223 0 10 223 "Przeciw" 1
"1271" 1271 219 0 0 14 219 "Za" 1
"1272" 1272 217 2 0 14 219 "Za" 0.99
"1273" 1273 220 0 0 13 220 "Za" 1
"1274" 1274 3 219 0 11 222 "Przeciw" 0.99
"1275" 1275 224 0 0 9 224 "Za" 1
"1276" 1276 220 3 0 10 223 "Za" 0.99
"1277" 1277 1 223 0 9 224 "Przeciw" 1
"1278" 1278 1 221 0 11 222 "Przeciw" 1
"1279" 1279 0 218 0 15 218 "Przeciw" 1
"1280" 1280 0 224 0 9 224 "Przeciw" 1
"1281" 1281 0 222 0 11 222 "Przeciw" 1
"1282" 1282 1 221 0 11 222 "Przeciw" 1
"1283" 1283 222 0 0 11 222 "Za" 1
"1284" 1284 221 0 0 12 221 "Za" 1
"1285" 1285 217 3 0 13 220 "Za" 0.99
"1286" 1286 0 222 0 11 222 "Przeciw" 1
"1287" 1287 0 222 0 11 222 "Przeciw" 1
"1288" 1288 0 224 0 9 224 "Przeciw" 1
"1289" 1289 0 223 0 10 223 "Przeciw" 1
"1290" 1290 0 224 0 9 224 "Przeciw" 1
"1291" 1291 0 216 0 17 216 "Przeciw" 1
"1292" 1292 0 221 0 12 221 "Przeciw" 1
"1293" 1293 0 225 0 8 225 "Przeciw" 1
"1294" 1294 0 225 0 8 225 "Przeciw" 1
"1295" 1295 0 220 0 13 220 "Przeciw" 1
"1296" 1296 0 221 0 12 221 "Przeciw" 1
"1297" 1297 0 225 0 8 225 "Przeciw" 1
"1298" 1298 0 227 0 6 227 "Przeciw" 1
"1299" 1299 228 0 0 5 228 "Za" 1
"1300" 1300 0 228 0 5 228 "Przeciw" 1
"1301" 1301 228 0 0 5 228 "Za" 1
"1302" 1302 3 221 0 9 224 "Przeciw" 0.99
"1303" 1303 225 0 0 8 225 "Za" 1
"1304" 1304 0 228 0 5 228 "Przeciw" 1
"1305" 1305 0 227 0 6 227 "Przeciw" 1
"1306" 1306 0 227 0 6 227 "Przeciw" 1
"1307" 1307 227 0 0 6 227 "Za" 1
"1308" 1308 2 214 0 17 216 "Przeciw" 0.99
"1309" 1309 225 1 0 7 226 "Za" 1
"1310" 1310 227 0 0 6 227 "Za" 1
"1311" 1311 221 0 0 12 221 "Za" 1
"1312" 1312 0 221 0 12 221 "Przeciw" 1
"1313" 1313 221 0 0 12 221 "Za" 1
"1314" 1314 213 0 0 21 213 "Za" 1
"1315" 1315 1 215 0 18 216 "Przeciw" 1
"1316" 1316 0 217 0 17 217 "Przeciw" 1
"1317" 1317 1 218 0 15 219 "Przeciw" 1
"1318" 1318 0 220 0 14 220 "Przeciw" 1
"1319" 1319 0 224 0 10 224 "Przeciw" 1
"1320" 1320 0 221 0 13 221 "Przeciw" 1
"1321" 1321 0 224 0 10 224 "Przeciw" 1
"1322" 1322 0 226 0 8 226 "Przeciw" 1
"1323" 1323 0 227 0 7 227 "Przeciw" 1
"1324" 1324 0 226 0 8 226 "Przeciw" 1
"1325" 1325 0 224 0 10 224 "Przeciw" 1
"1326" 1326 0 222 0 12 222 "Przeciw" 1
"1327" 1327 0 224 0 10 224 "Przeciw" 1
"1328" 1328 0 226 0 8 226 "Przeciw" 1
"1329" 1329 0 226 0 8 226 "Przeciw" 1
"1330" 1330 0 226 0 8 226 "Przeciw" 1
"1331" 1331 0 223 0 11 223 "Przeciw" 1
"1332" 1332 0 225 0 9 225 "Przeciw" 1
"1333" 1333 0 225 0 9 225 "Przeciw" 1
"1334" 1334 0 223 0 11 223 "Przeciw" 1
"1335" 1335 0 222 1 11 223 "Przeciw" 1
"1336" 1336 0 224 0 10 224 "Przeciw" 1
"1337" 1337 0 227 0 7 227 "Przeciw" 1
"1338" 1338 0 223 2 9 225 "Przeciw" 0.99
"1339" 1339 0 225 0 9 225 "Przeciw" 1
"1340" 1340 0 225 0 9 225 "Przeciw" 1
"1341" 1341 0 225 0 9 225 "Przeciw" 1
"1342" 1342 0 225 0 9 225 "Przeciw" 1
"1343" 1343 228 0 0 6 228 "Za" 1
"1344" 1344 226 0 0 8 226 "Za" 1
"1345" 1345 224 3 0 7 227 "Za" 0.99
"1346" 1346 0 222 0 12 222 "Przeciw" 1
"1347" 1347 0 224 0 10 224 "Przeciw" 1
"1348" 1348 0 223 0 11 223 "Przeciw" 1
"1349" 1349 0 220 0 14 220 "Przeciw" 1
"1350" 1350 224 0 0 10 224 "Za" 1
"1351" 1351 226 0 1 7 227 "Za" 1
"1352" 1352 0 227 0 7 227 "Przeciw" 1
"1353" 1353 0 228 0 6 228 "Przeciw" 1
"1354" 1354 0 227 0 7 227 "Przeciw" 1
"1355" 1355 0 225 0 9 225 "Przeciw" 1
"1356" 1356 0 227 0 7 227 "Przeciw" 1
"1357" 1357 0 224 0 10 224 "Przeciw" 1
"1358" 1358 0 228 0 6 228 "Przeciw" 1
"1359" 1359 0 219 0 15 219 "Przeciw" 1
"1360" 1360 0 224 0 10 224 "Przeciw" 1
"1361" 1361 229 0 0 5 229 "Za" 1
"1362" 1362 0 229 0 5 229 "Przeciw" 1
"1363" 1363 0 229 0 5 229 "Przeciw" 1
"1364" 1364 0 226 0 8 226 "Przeciw" 1
"1365" 1365 0 226 0 8 226 "Przeciw" 1
"1366" 1366 0 226 0 8 226 "Przeciw" 1
"1367" 1367 0 228 0 6 228 "Przeciw" 1
"1368" 1368 0 222 0 12 222 "Przeciw" 1
"1369" 1369 0 227 0 7 227 "Przeciw" 1
"1370" 1370 0 227 0 7 227 "Przeciw" 1
"1371" 1371 0 225 0 9 225 "Przeciw" 1
"1372" 1372 0 220 0 14 220 "Przeciw" 1
"1373" 1373 0 223 0 11 223 "Przeciw" 1
"1374" 1374 0 222 0 12 222 "Przeciw" 1
"1375" 1375 0 226 0 8 226 "Przeciw" 1
"1376" 1376 2 220 0 12 222 "Przeciw" 0.99
"1377" 1377 0 224 0 10 224 "Przeciw" 1
"1378" 1378 0 218 0 16 218 "Przeciw" 1
"1379" 1379 221 5 0 8 226 "Za" 0.98
"1380" 1380 0 227 0 7 227 "Przeciw" 1
"1381" 1381 0 221 0 13 221 "Przeciw" 1
"1382" 1382 0 217 0 17 217 "Przeciw" 1
"1383" 1383 0 218 0 16 218 "Przeciw" 1
"1384" 1384 1 222 0 11 223 "Przeciw" 1
"1385" 1385 0 224 0 10 224 "Przeciw" 1
"1386" 1386 0 222 0 12 222 "Przeciw" 1
"1387" 1387 0 224 0 10 224 "Przeciw" 1
"1388" 1388 0 212 0 22 212 "Przeciw" 1
"1389" 1389 0 221 0 13 221 "Przeciw" 1
"1390" 1390 0 222 0 12 222 "Przeciw" 1
"1391" 1391 0 222 0 12 222 "Przeciw" 1
"1392" 1392 0 223 0 11 223 "Przeciw" 1
"1393" 1393 0 224 0 10 224 "Przeciw" 1
"1394" 1394 0 224 0 10 224 "Przeciw" 1
"1395" 1395 0 220 0 14 220 "Przeciw" 1
"1396" 1396 1 219 0 14 220 "Przeciw" 1
"1397" 1397 227 0 0 7 227 "Za" 1
"1398" 1398 223 0 0 11 223 "Za" 1
"1399" 1399 225 0 0 9 225 "Za" 1
"1400" 1400 228 0 0 6 228 "Za" 1
"1401" 1401 2 213 1 18 216 "Przeciw" 0.99
"1402" 1402 222 1 0 11 223 "Za" 1
"1403" 1403 0 226 0 8 226 "Przeciw" 1
"1404" 1404 227 0 0 7 227 "Za" 1
"1405" 1405 223 1 0 10 224 "Za" 1
"1406" 1406 228 0 0 6 228 "Za" 1
"1407" 1407 0 227 0 7 227 "Przeciw" 1
"1408" 1408 1 223 0 10 224 "Przeciw" 1
"1409" 1409 2 224 0 8 226 "Przeciw" 0.99
"1410" 1410 224 1 0 9 225 "Za" 1
"1411" 1411 225 0 0 9 225 "Za" 1
"1412" 1412 227 1 0 6 228 "Za" 1
"1413" 1413 223 4 0 7 227 "Za" 0.98
"1414" 1414 0 228 0 6 228 "Przeciw" 1
"1415" 1415 229 0 0 5 229 "Za" 1
"1416" 1416 0 229 0 5 229 "Przeciw" 1
"1417" 1417 220 4 0 10 224 "Za" 0.98
"1418" 1418 221 4 0 9 225 "Za" 0.98
"1419" 1419 226 2 0 6 228 "Za" 0.99
"1420" 1420 3 212 0 19 215 "Przeciw" 0.99
"1421" 1421 0 215 0 19 215 "Przeciw" 1
"1422" 1422 2 224 1 7 227 "Przeciw" 0.99
"1423" 1423 0 227 0 7 227 "Przeciw" 1
"1424" 1424 0 227 0 7 227 "Przeciw" 1
"1425" 1425 1 223 0 10 224 "Przeciw" 1
"1426" 1426 0 223 0 11 223 "Przeciw" 1
"1427" 1427 0 227 0 7 227 "Przeciw" 1
"1428" 1428 1 224 0 9 225 "Przeciw" 1
"1429" 1429 0 228 0 6 228 "Przeciw" 1
"1430" 1430 227 0 0 7 227 "Za" 1
"1431" 1431 227 0 0 7 227 "Za" 1
"1432" 1432 0 226 0 8 226 "Przeciw" 1
"1433" 1433 229 0 0 5 229 "Za" 1
"1434" 1434 228 0 0 6 228 "Za" 1
"1435" 1435 229 0 0 5 229 "Za" 1
"1436" 1436 0 226 0 8 226 "Przeciw" 1
"1437" 1437 0 228 1 5 229 "Przeciw" 1
"1438" 1438 229 0 0 5 229 "Za" 1
"1439" 1439 228 0 0 6 228 "Za" 1
"1440" 1440 0 228 0 6 228 "Przeciw" 1
"1441" 1441 4 222 0 8 226 "Przeciw" 0.98
"1442" 1442 227 2 0 5 229 "Za" 0.99
"1443" 1443 0 229 0 5 229 "Przeciw" 1
"1444" 1444 6 214 0 14 220 "Przeciw" 0.97
"1445" 1445 229 0 0 5 229 "Za" 1
"1446" 1446 228 0 0 6 228 "Za" 1
"1447" 1447 227 0 0 7 227 "Za" 1
"1448" 1448 229 0 0 5 229 "Za" 1
"1449" 1449 229 0 0 5 229 "Za" 1
"1450" 1450 229 0 0 5 229 "Za" 1
"1451" 1451 229 0 0 5 229 "Za" 1
"1452" 1452 227 1 0 6 228 "Za" 1
"1453" 1453 222 2 0 10 224 "Za" 0.99
"1454" 1454 210 4 1 19 215 "Za" 0.98
"1455" 1455 0 225 0 9 225 "Przeciw" 1
"1456" 1456 0 224 0 10 224 "Przeciw" 1
"1457" 1457 223 0 0 11 223 "Za" 1
"1458" 1458 223 0 0 11 223 "Za" 1
"1459" 1459 226 0 0 8 226 "Za" 1
"1460" 1460 225 0 0 9 225 "Za" 1
"1461" 1461 0 226 0 8 226 "Przeciw" 1
"1462" 1462 0 224 0 10 224 "Przeciw" 1
"1463" 1463 0 225 0 9 225 "Przeciw" 1
"1464" 1464 228 1 0 5 229 "Za" 1
"1465" 1465 0 228 0 6 228 "Przeciw" 1
"1466" 1466 0 217 4 13 221 "Przeciw" 0.98
"1467" 1467 227 2 0 5 229 "Za" 0.99
"1468" 1468 0 228 0 6 228 "Przeciw" 1
"1469" 1469 4 225 0 5 229 "Przeciw" 0.98
"1470" 1470 229 0 0 5 229 "Za" 1
"1471" 1471 229 0 0 5 229 "Za" 1
"1472" 1472 0 227 0 7 227 "Przeciw" 1
"1473" 1473 227 0 0 7 227 "Za" 1
"1474" 1474 0 228 0 6 228 "Przeciw" 1
"1475" 1475 227 0 0 7 227 "Za" 1
"1476" 1476 225 3 0 6 228 "Za" 0.99
"1477" 1477 2 227 0 5 229 "Przeciw" 0.99
"1478" 1478 226 0 0 8 226 "Za" 1
"1479" 1479 226 1 0 7 227 "Za" 1
"1480" 1480 2 227 0 5 229 "Przeciw" 0.99
"1481" 1481 217 6 0 11 223 "Za" 0.97
"1482" 1482 11 216 0 7 227 "Przeciw" 0.95
"1483" 1483 223 3 0 8 226 "Za" 0.99
"1484" 1484 0 224 0 10 224 "Przeciw" 1
"1485" 1485 227 0 0 7 227 "Za" 1
"1486" 1486 0 227 0 7 227 "Przeciw" 1
"1487" 1487 227 0 0 7 227 "Za" 1
"1488" 1488 225 2 0 7 227 "Za" 0.99
"1489" 1489 224 4 0 6 228 "Za" 0.98
"1490" 1490 223 1 0 10 224 "Za" 1
"1491" 1491 4 212 0 18 216 "Przeciw" 0.98
"1492" 1492 214 0 0 20 214 "Za" 1
"1493" 1493 221 0 0 13 221 "Za" 1
"1494" 1494 210 11 0 13 221 "Za" 0.95
"1495" 1495 0 222 0 12 222 "Przeciw" 1
"1496" 1496 223 0 0 11 223 "Za" 1
"1497" 1497 219 1 0 14 220 "Za" 1
"1498" 1498 214 3 0 17 217 "Za" 0.99
"1499" 1499 0 219 0 15 219 "Przeciw" 1
"1500" 1500 0 218 0 16 218 "Przeciw" 1
"1501" 1501 0 220 0 14 220 "Przeciw" 1
"1502" 1502 0 218 0 16 218 "Przeciw" 1
"1503" 1503 0 209 1 24 210 "Przeciw" 1
"1504" 1504 0 216 0 18 216 "Przeciw" 1
"1505" 1505 0 216 0 18 216 "Przeciw" 1
"1506" 1506 0 214 0 20 214 "Przeciw" 1
"1507" 1507 0 221 0 13 221 "Przeciw" 1
"1508" 1508 0 219 0 15 219 "Przeciw" 1
"1509" 1509 0 217 0 17 217 "Przeciw" 1
"1510" 1510 0 220 0 14 220 "Przeciw" 1
"1511" 1511 0 221 0 13 221 "Przeciw" 1
"1512" 1512 0 217 0 17 217 "Przeciw" 1
"1513" 1513 0 217 0 17 217 "Przeciw" 1
"1514" 1514 5 214 1 14 220 "Przeciw" 0.97
"1515" 1515 0 222 0 12 222 "Przeciw" 1
"1516" 1516 0 221 0 13 221 "Przeciw" 1
"1517" 1517 0 218 0 16 218 "Przeciw" 1
"1518" 1518 0 223 0 11 223 "Przeciw" 1
"1519" 1519 0 221 0 13 221 "Przeciw" 1
"1520" 1520 0 219 0 15 219 "Przeciw" 1
"1521" 1521 0 221 0 13 221 "Przeciw" 1
"1522" 1522 0 222 0 12 222 "Przeciw" 1
"1523" 1523 0 219 0 15 219 "Przeciw" 1
"1524" 1524 1 217 0 16 218 "Przeciw" 1
"1525" 1525 0 216 1 17 217 "Przeciw" 1
"1526" 1526 0 219 0 15 219 "Przeciw" 1
"1527" 1527 0 214 0 20 214 "Przeciw" 1
"1528" 1528 0 218 0 16 218 "Przeciw" 1
"1529" 1529 0 219 1 14 220 "Przeciw" 1
"1530" 1530 0 220 0 14 220 "Przeciw" 1
"1531" 1531 0 220 0 14 220 "Przeciw" 1
"1532" 1532 0 218 0 16 218 "Przeciw" 1
"1533" 1533 0 220 0 14 220 "Przeciw" 1
"1534" 1534 0 221 0 13 221 "Przeciw" 1
"1535" 1535 0 219 0 15 219 "Przeciw" 1
"1536" 1536 0 220 0 14 220 "Przeciw" 1
"1537" 1537 1 216 0 17 217 "Przeciw" 1
"1538" 1538 0 220 0 14 220 "Przeciw" 1
"1539" 1539 1 220 0 13 221 "Przeciw" 1
"1540" 1540 0 219 0 15 219 "Przeciw" 1
"1541" 1541 0 217 0 17 217 "Przeciw" 1
"1542" 1542 0 222 0 12 222 "Przeciw" 1
"1543" 1543 0 219 0 15 219 "Przeciw" 1
"1544" 1544 0 219 0 15 219 "Przeciw" 1
"1545" 1545 0 220 0 14 220 "Przeciw" 1
"1546" 1546 0 219 0 15 219 "Przeciw" 1
"1547" 1547 0 216 0 18 216 "Przeciw" 1
"1548" 1548 0 221 1 12 222 "Przeciw" 1
"1549" 1549 0 218 0 16 218 "Przeciw" 1
"1550" 1550 0 221 0 13 221 "Przeciw" 1
"1551" 1551 0 222 0 12 222 "Przeciw" 1
"1552" 1552 0 220 0 14 220 "Przeciw" 1
"1553" 1553 0 220 0 14 220 "Przeciw" 1
"1554" 1554 215 6 0 13 221 "Za" 0.97
"1555" 1555 0 221 0 13 221 "Przeciw" 1
"1556" 1556 0 220 0 14 220 "Przeciw" 1
"1557" 1557 0 221 0 13 221 "Przeciw" 1
"1558" 1558 0 217 0 17 217 "Przeciw" 1
"1559" 1559 0 219 0 15 219 "Przeciw" 1
"1560" 1560 0 221 0 13 221 "Przeciw" 1
"1561" 1561 0 219 0 15 219 "Przeciw" 1
"1562" 1562 0 222 0 12 222 "Przeciw" 1
"1563" 1563 1 221 0 12 222 "Przeciw" 1
"1564" 1564 0 223 0 11 223 "Przeciw" 1
"1565" 1565 0 223 0 11 223 "Przeciw" 1
"1566" 1566 0 215 0 19 215 "Przeciw" 1
"1567" 1567 0 223 0 11 223 "Przeciw" 1
"1568" 1568 2 219 1 12 222 "Przeciw" 0.99
"1569" 1569 0 223 0 11 223 "Przeciw" 1
"1570" 1570 219 4 0 11 223 "Za" 0.98
"1571" 1571 6 216 0 12 222 "Przeciw" 0.97
"1572" 1572 0 219 3 12 222 "Przeciw" 0.99
"1573" 1573 0 221 0 13 221 "Przeciw" 1
"1574" 1574 0 221 0 13 221 "Przeciw" 1
"1575" 1575 0 223 0 11 223 "Przeciw" 1
"1576" 1576 0 218 0 16 218 "Przeciw" 1
"1577" 1577 0 217 0 17 217 "Przeciw" 1
"1578" 1578 0 219 0 15 219 "Przeciw" 1
"1579" 1579 0 221 0 13 221 "Przeciw" 1
"1580" 1580 0 219 0 15 219 "Przeciw" 1
"1581" 1581 3 216 0 15 219 "Przeciw" 0.99
"1582" 1582 0 223 0 11 223 "Przeciw" 1
"1583" 1583 0 217 0 17 217 "Przeciw" 1
"1584" 1584 1 220 0 13 221 "Przeciw" 1
"1585" 1585 220 1 0 13 221 "Za" 1
"1586" 1586 2 216 1 15 219 "Przeciw" 0.99
"1587" 1587 221 0 1 12 222 "Za" 1
"1588" 1588 220 0 0 14 220 "Za" 1
"1589" 1589 222 0 0 12 222 "Za" 1
"1590" 1590 222 0 0 12 222 "Za" 1
"1591" 1591 221 0 0 13 221 "Za" 1
"1592" 1592 222 0 0 12 222 "Za" 1
"1593" 1593 2 219 0 13 221 "Przeciw" 0.99
"1594" 1594 217 5 0 12 222 "Za" 0.98
"1595" 1595 217 0 0 17 217 "Za" 1
"1596" 1596 220 0 0 14 220 "Za" 1
"1597" 1597 219 0 0 15 219 "Za" 1
"1598" 1598 223 0 0 11 223 "Za" 1
"1599" 1599 0 215 0 19 215 "Przeciw" 1
"1600" 1600 0 221 0 13 221 "Przeciw" 1
"1601" 1601 0 222 0 12 222 "Przeciw" 1
"1602" 1602 1 221 0 12 222 "Przeciw" 1
"1603" 1603 0 223 0 11 223 "Przeciw" 1
"1604" 1604 222 0 0 12 222 "Za" 1
"1605" 1605 221 0 0 13 221 "Za" 1
"1606" 1606 221 1 0 12 222 "Za" 1
"1607" 1607 220 1 0 13 221 "Za" 1
"1608" 1608 220 0 0 14 220 "Za" 1
"1609" 1609 0 220 0 14 220 "Przeciw" 1
"1610" 1610 221 2 0 11 223 "Za" 0.99
"1611" 1611 214 9 0 11 223 "Za" 0.96
"1612" 1612 0 220 0 14 220 "Przeciw" 1
"1613" 1613 0 223 0 11 223 "Przeciw" 1
"1614" 1614 0 217 0 17 217 "Przeciw" 1
"1615" 1615 0 213 1 20 214 "Przeciw" 1
"1616" 1616 223 1 1 8 225 "Za" 0.99
"1617" 1617 226 1 0 6 227 "Za" 1
"1618" 1618 231 0 0 2 231 "Za" 1
"1619" 1619 233 0 0 0 233 "Za" 1
"1620" 1620 0 231 0 2 231 "Przeciw" 1
"1621" 1621 0 230 0 3 230 "Przeciw" 1
"1622" 1622 0 231 0 2 231 "Przeciw" 1
"1623" 1623 0 230 0 3 230 "Przeciw" 1
"1624" 1624 3 222 1 7 226 "Przeciw" 0.98
"1625" 1625 0 230 0 3 230 "Przeciw" 1
"1626" 1626 0 231 0 2 231 "Przeciw" 1
"1627" 1627 0 232 0 1 232 "Przeciw" 1
"1628" 1628 0 232 0 1 232 "Przeciw" 1
"1629" 1629 0 230 0 3 230 "Przeciw" 1
"1630" 1630 0 232 0 1 232 "Przeciw" 1
"1631" 1631 0 231 0 2 231 "Przeciw" 1
"1632" 1632 0 232 0 1 232 "Przeciw" 1
"1633" 1633 0 227 0 6 227 "Przeciw" 1
"1634" 1634 0 232 0 1 232 "Przeciw" 1
"1635" 1635 0 225 0 8 225 "Przeciw" 1
"1636" 1636 0 229 0 4 229 "Przeciw" 1
"1637" 1637 0 230 0 3 230 "Przeciw" 1
"1638" 1638 0 227 0 6 227 "Przeciw" 1
"1639" 1639 0 228 0 5 228 "Przeciw" 1
"1640" 1640 0 229 0 4 229 "Przeciw" 1
"1641" 1641 0 229 0 4 229 "Przeciw" 1
"1642" 1642 0 233 0 0 233 "Przeciw" 1
"1643" 1643 0 231 0 2 231 "Przeciw" 1
"1644" 1644 0 226 0 7 226 "Przeciw" 1
"1645" 1645 0 231 0 2 231 "Przeciw" 1
"1646" 1646 0 232 0 1 232 "Przeciw" 1
"1647" 1647 0 232 0 1 232 "Przeciw" 1
"1648" 1648 0 224 0 9 224 "Przeciw" 1
"1649" 1649 0 229 0 4 229 "Przeciw" 1
"1650" 1650 0 231 0 2 231 "Przeciw" 1
"1651" 1651 0 232 0 1 232 "Przeciw" 1
"1652" 1652 0 232 0 1 232 "Przeciw" 1
"1653" 1653 0 230 0 3 230 "Przeciw" 1
"1654" 1654 0 233 0 0 233 "Przeciw" 1
"1655" 1655 0 232 0 1 232 "Przeciw" 1
"1656" 1656 0 228 0 5 228 "Przeciw" 1
"1657" 1657 0 224 0 9 224 "Przeciw" 1
"1658" 1658 4 222 0 7 226 "Przeciw" 0.98
"1659" 1659 5 226 0 2 231 "Przeciw" 0.98
"1660" 1660 233 0 0 0 233 "Za" 1
"1661" 1661 2 230 0 1 232 "Przeciw" 0.99
"1662" 1662 227 0 0 6 227 "Za" 1
"1663" 1663 232 0 0 1 232 "Za" 1
"1664" 1664 227 0 0 6 227 "Za" 1
"1665" 1665 231 0 0 2 231 "Za" 1
"1666" 1666 0 228 0 5 228 "Przeciw" 1
"1667" 1667 0 232 0 1 232 "Przeciw" 1
"1668" 1668 233 0 0 0 233 "Za" 1
"1669" 1669 1 231 0 1 232 "Przeciw" 1
"1670" 1670 2 230 0 1 232 "Przeciw" 0.99
"1671" 1671 229 2 0 2 231 "Za" 0.99
"1672" 1672 231 2 0 0 233 "Za" 0.99
"1673" 1673 232 0 0 1 232 "Za" 1
"1674" 1674 233 0 0 0 233 "Za" 1
"1675" 1675 230 2 0 1 232 "Za" 0.99
"1676" 1676 4 225 0 4 229 "Przeciw" 0.98
"1677" 1677 1 224 0 8 225 "Przeciw" 1
"1678" 1678 209 15 0 9 224 "Za" 0.93
"1679" 1679 0 224 0 9 224 "Przeciw" 1
"1680" 1680 229 0 0 4 229 "Za" 1
"1681" 1681 228 0 0 5 228 "Za" 1
"1682" 1682 231 0 0 2 231 "Za" 1
"1683" 1683 5 223 0 5 228 "Przeciw" 0.98
"1684" 1684 220 8 0 5 228 "Za" 0.96
"1685" 1685 1 219 0 13 220 "Przeciw" 1
"1686" 1686 0 225 0 8 225 "Przeciw" 1
"1687" 1687 231 0 0 2 231 "Za" 1
"1688" 1688 0 231 0 2 231 "Przeciw" 1
"1689" 1689 0 229 0 4 229 "Przeciw" 1
"1690" 1690 0 229 0 4 229 "Przeciw" 1
"1691" 1691 0 226 0 7 226 "Przeciw" 1
"1692" 1692 228 0 0 5 228 "Za" 1
"1693" 1693 1 227 0 5 228 "Przeciw" 1
"1694" 1694 0 228 0 5 228 "Przeciw" 1
"1695" 1695 0 232 0 1 232 "Przeciw" 1
"1696" 1696 0 228 0 5 228 "Przeciw" 1
"1697" 1697 3 228 0 2 231 "Przeciw" 0.99
"1698" 1698 0 229 0 4 229 "Przeciw" 1
"1699" 1699 224 4 0 5 228 "Za" 0.98
"1700" 1700 231 0 0 2 231 "Za" 1
"1701" 1701 13 217 1 2 231 "Przeciw" 0.94
"1702" 1702 0 228 0 5 228 "Przeciw" 1
"1703" 1703 0 228 0 5 228 "Przeciw" 1
"1704" 1704 0 231 1 1 232 "Przeciw" 1
"1705" 1705 0 231 0 2 231 "Przeciw" 1
"1706" 1706 232 0 0 1 232 "Za" 1
"1707" 1707 232 0 0 1 232 "Za" 1
"1708" 1708 0 232 0 1 232 "Przeciw" 1
"1709" 1709 0 231 0 2 231 "Przeciw" 1
"1710" 1710 0 232 0 1 232 "Przeciw" 1
"1711" 1711 0 230 0 3 230 "Przeciw" 1
"1712" 1712 0 230 0 3 230 "Przeciw" 1
"1713" 1713 2 229 0 2 231 "Przeciw" 0.99
"1714" 1714 225 0 0 8 225 "Za" 1
"1715" 1715 230 0 0 3 230 "Za" 1
"1716" 1716 232 0 0 1 232 "Za" 1
"1717" 1717 231 0 0 2 231 "Za" 1
"1718" 1718 0 230 0 3 230 "Przeciw" 1
"1719" 1719 0 231 0 2 231 "Przeciw" 1
"1720" 1720 0 226 0 7 226 "Przeciw" 1
"1721" 1721 227 0 0 6 227 "Za" 1
"1722" 1722 0 226 0 7 226 "Przeciw" 1
"1723" 1723 224 0 0 10 224 "Za" 1
"1724" 1724 228 0 0 6 228 "Za" 1
"1725" 1725 226 0 1 7 227 "Za" 1
"1726" 1726 224 0 0 10 224 "Za" 1
"1727" 1727 230 0 0 4 230 "Za" 1
"1728" 1728 0 230 0 4 230 "Przeciw" 1
"1729" 1729 0 229 0 5 229 "Przeciw" 1
"1730" 1730 230 0 0 4 230 "Za" 1
"1731" 1731 0 221 0 13 221 "Przeciw" 1
"1732" 1732 230 0 0 4 230 "Za" 1
"1733" 1733 0 229 0 5 229 "Przeciw" 1
"1734" 1734 0 223 2 9 225 "Przeciw" 0.99
"1735" 1735 0 230 0 4 230 "Przeciw" 1
"1736" 1736 0 229 0 5 229 "Przeciw" 1
"1737" 1737 0 229 0 5 229 "Przeciw" 1
"1738" 1738 0 228 0 6 228 "Przeciw" 1
"1739" 1739 0 228 0 6 228 "Przeciw" 1
"1740" 1740 0 227 0 7 227 "Przeciw" 1
"1741" 1741 0 230 0 4 230 "Przeciw" 1
"1742" 1742 0 229 0 5 229 "Przeciw" 1
"1743" 1743 0 230 0 4 230 "Przeciw" 1
"1744" 1744 0 228 0 6 228 "Przeciw" 1
"1745" 1745 0 229 0 5 229 "Przeciw" 1
"1746" 1746 0 227 0 7 227 "Przeciw" 1
"1747" 1747 0 229 0 5 229 "Przeciw" 1
"1748" 1748 228 0 0 6 228 "Za" 1
"1749" 1749 0 230 0 4 230 "Przeciw" 1
"1750" 1750 0 230 0 4 230 "Przeciw" 1
"1751" 1751 0 229 0 5 229 "Przeciw" 1
"1752" 1752 0 229 0 5 229 "Przeciw" 1
"1753" 1753 0 227 0 7 227 "Przeciw" 1
"1754" 1754 1 226 0 7 227 "Przeciw" 1
"1755" 1755 2 225 0 7 227 "Przeciw" 0.99
"1756" 1756 1 224 0 9 225 "Przeciw" 1
"1757" 1757 0 225 0 9 225 "Przeciw" 1
"1758" 1758 0 222 0 12 222 "Przeciw" 1
"1759" 1759 0 228 0 6 228 "Przeciw" 1
"1760" 1760 0 221 0 13 221 "Przeciw" 1
"1761" 1761 220 2 0 12 222 "Za" 0.99
"1762" 1762 0 227 0 7 227 "Przeciw" 1
"1763" 1763 0 225 0 9 225 "Przeciw" 1
"1764" 1764 230 0 0 4 230 "Za" 1
"1765" 1765 30 187 3 14 220 "Przeciw" 0.85
"1766" 1766 0 229 0 5 229 "Przeciw" 1
"1767" 1767 0 225 1 8 226 "Przeciw" 1
"1768" 1768 1 223 0 10 224 "Przeciw" 1
"1769" 1769 1 226 0 7 227 "Przeciw" 1
"1770" 1770 230 0 0 4 230 "Za" 1
"1771" 1771 222 3 0 9 225 "Za" 0.99
"1772" 1772 1 223 0 10 224 "Przeciw" 1
"1773" 1773 1 224 0 9 225 "Przeciw" 1
"1774" 1774 226 0 0 8 226 "Za" 1
"1775" 1775 230 0 0 4 230 "Za" 1
"1776" 1776 227 0 0 7 227 "Za" 1
"1777" 1777 1 228 1 4 230 "Przeciw" 0.99
"1778" 1778 2 224 1 7 227 "Przeciw" 0.99
"1779" 1779 3 225 2 4 230 "Przeciw" 0.98
"1780" 1780 230 0 0 4 230 "Za" 1
"1781" 1781 230 0 0 4 230 "Za" 1
"1782" 1782 228 0 0 6 228 "Za" 1
"1783" 1783 228 1 0 5 229 "Za" 1
"1784" 1784 225 0 0 9 225 "Za" 1
"1785" 1785 227 1 2 4 230 "Za" 0.99
"1786" 1786 0 229 0 5 229 "Przeciw" 1
"1787" 1787 1 224 1 8 226 "Przeciw" 0.99
"1788" 1788 0 224 1 9 225 "Przeciw" 1
"1789" 1789 228 0 0 6 228 "Za" 1
"1790" 1790 6 221 0 7 227 "Przeciw" 0.97
"1791" 1791 0 229 0 5 229 "Przeciw" 1
"1792" 1792 0 226 0 8 226 "Przeciw" 1
"1793" 1793 0 228 0 6 228 "Przeciw" 1
"1794" 1794 0 224 0 10 224 "Przeciw" 1
"1795" 1795 226 0 0 8 226 "Za" 1
"1796" 1796 227 0 0 7 227 "Za" 1
"1797" 1797 0 226 0 8 226 "Przeciw" 1
"1798" 1798 229 0 0 5 229 "Za" 1
"1799" 1799 228 0 0 6 228 "Za" 1
"1800" 1800 228 1 0 5 229 "Za" 1
"1801" 1801 227 0 1 6 228 "Za" 1
"1802" 1802 229 0 0 5 229 "Za" 1
"1803" 1803 0 223 0 11 223 "Przeciw" 1
"1804" 1804 227 0 1 6 228 "Za" 1
"1805" 1805 229 0 0 5 229 "Za" 1
"1806" 1806 0 230 0 4 230 "Przeciw" 1
"1807" 1807 0 230 0 4 230 "Przeciw" 1
"1808" 1808 229 0 0 5 229 "Za" 1
"1809" 1809 227 2 0 5 229 "Za" 0.99
"1810" 1810 0 228 0 6 228 "Przeciw" 1
"1811" 1811 1 229 0 4 230 "Przeciw" 1
"1812" 1812 226 0 0 8 226 "Za" 1
"1813" 1813 230 0 0 4 230 "Za" 1
"1814" 1814 230 0 0 4 230 "Za" 1
"1815" 1815 230 0 0 4 230 "Za" 1
"1816" 1816 225 4 0 5 229 "Za" 0.98
"1817" 1817 225 1 0 8 226 "Za" 1
"1818" 1818 0 224 0 10 224 "Przeciw" 1
"1819" 1819 224 5 0 5 229 "Za" 0.98
"1820" 1820 0 228 0 6 228 "Przeciw" 1
"1821" 1821 195 31 0 8 226 "Za" 0.86
"1822" 1822 0 230 0 4 230 "Przeciw" 1
"1823" 1823 0 230 0 4 230 "Przeciw" 1
"1824" 1824 4 224 0 6 228 "Przeciw" 0.98
"1825" 1825 228 0 0 6 228 "Za" 1
"1826" 1826 219 8 0 7 227 "Za" 0.96
"1827" 1827 0 221 1 12 222 "Przeciw" 1
"1828" 1828 0 223 0 11 223 "Przeciw" 1
"1829" 1829 229 0 0 5 229 "Za" 1
"1830" 1830 229 0 0 5 229 "Za" 1
"1831" 1831 224 0 0 10 224 "Za" 1
"1832" 1832 227 3 0 4 230 "Za" 0.99
"1833" 1833 0 224 0 10 224 "Przeciw" 1
"1834" 1834 223 0 0 11 223 "Za" 1
"1835" 1835 224 0 1 9 225 "Za" 1
"1836" 1836 1 226 0 7 227 "Przeciw" 1
"1837" 1837 229 0 0 5 229 "Za" 1
"1838" 1838 221 7 0 6 228 "Za" 0.97
"1839" 1839 0 226 0 8 226 "Przeciw" 1
"1840" 1840 0 229 0 5 229 "Przeciw" 1
"1841" 1841 0 228 0 6 228 "Przeciw" 1
"1842" 1842 0 226 0 8 226 "Przeciw" 1
"1843" 1843 0 226 0 8 226 "Przeciw" 1
"1844" 1844 0 228 0 6 228 "Przeciw" 1
"1845" 1845 1 227 0 6 228 "Przeciw" 1
"1846" 1846 0 228 0 6 228 "Przeciw" 1
"1847" 1847 0 226 0 8 226 "Przeciw" 1
"1848" 1848 0 224 0 10 224 "Przeciw" 1
"1849" 1849 0 228 0 6 228 "Przeciw" 1
"1850" 1850 0 227 0 7 227 "Przeciw" 1
"1851" 1851 0 227 0 7 227 "Przeciw" 1
"1852" 1852 0 228 0 6 228 "Przeciw" 1
"1853" 1853 0 227 0 7 227 "Przeciw" 1
"1854" 1854 227 0 0 7 227 "Za" 1
"1855" 1855 225 1 0 8 226 "Za" 1
"1856" 1856 225 0 0 9 225 "Za" 1
"1857" 1857 224 0 0 10 224 "Za" 1
"1858" 1858 224 0 0 10 224 "Za" 1
"1859" 1859 228 0 0 6 228 "Za" 1
"1860" 1860 224 0 0 10 224 "Za" 1
"1861" 1861 226 0 0 8 226 "Za" 1
"1862" 1862 228 0 0 6 228 "Za" 1
"1863" 1863 226 0 0 8 226 "Za" 1
"1864" 1864 225 0 0 9 225 "Za" 1
"1865" 1865 226 0 0 8 226 "Za" 1
"1866" 1866 225 0 0 9 225 "Za" 1
"1867" 1867 226 0 0 8 226 "Za" 1
"1868" 1868 222 0 0 12 222 "Za" 1
"1869" 1869 220 4 0 10 224 "Za" 0.98
"1870" 1870 225 0 0 9 225 "Za" 1
"1871" 1871 223 0 0 11 223 "Za" 1
"1872" 1872 220 0 0 14 220 "Za" 1
"1873" 1873 217 0 0 17 217 "Za" 1
"1874" 1874 0 229 0 5 229 "Przeciw" 1
"1875" 1875 0 200 0 34 200 "Przeciw" 1
"1876" 1876 223 1 0 10 224 "Za" 1
"1877" 1877 222 0 0 12 222 "Za" 1
"1878" 1878 223 0 0 11 223 "Za" 1
"1879" 1879 223 0 2 9 225 "Za" 0.99
"1880" 1880 0 225 0 9 225 "Przeciw" 1
"1881" 1881 1 223 0 10 224 "Przeciw" 1
"1882" 1882 222 0 0 12 222 "Za" 1
"1883" 1883 223 0 0 11 223 "Za" 1
"1884" 1884 225 0 0 9 225 "Za" 1
"1885" 1885 1 223 0 10 224 "Przeciw" 1
"1886" 1886 1 222 1 10 224 "Przeciw" 0.99
"1887" 1887 224 0 0 10 224 "Za" 1
"1888" 1888 1 221 0 12 222 "Przeciw" 1
"1889" 1889 0 223 1 10 224 "Przeciw" 1
"1890" 1890 0 219 0 15 219 "Przeciw" 1
"1891" 1891 226 0 0 8 226 "Za" 1
"1892" 1892 1 229 0 4 230 "Przeciw" 1
"1893" 1893 0 225 4 5 229 "Przeciw" 0.98
"1894" 1894 176 43 7 8 226 "Za" 0.78
"1895" 1895 3 227 1 3 231 "Przeciw" 0.98
"1896" 1896 0 230 0 4 230 "Przeciw" 1
"1897" 1897 231 0 0 3 231 "Za" 1
"1898" 1898 229 2 0 3 231 "Za" 0.99
"1899" 1899 224 1 0 9 225 "Za" 1
"1900" 1900 0 231 0 3 231 "Przeciw" 1
"1901" 1901 224 1 3 6 228 "Za" 0.98
"1902" 1902 0 226 0 8 226 "Przeciw" 1
"1903" 1903 0 231 0 3 231 "Przeciw" 1
"1904" 1904 0 231 0 3 231 "Przeciw" 1
"1905" 1905 0 230 0 4 230 "Przeciw" 1
"1906" 1906 0 230 0 4 230 "Przeciw" 1
"1907" 1907 228 0 0 6 228 "Za" 1
"1908" 1908 0 227 0 7 227 "Przeciw" 1
"1909" 1909 0 224 0 10 224 "Przeciw" 1
"1910" 1910 218 0 0 16 218 "Za" 1
"1911" 1911 0 187 0 47 187 "Przeciw" 1
"1912" 1912 186 0 0 48 186 "Za" 1
